0000000000000000000000000000000000000000000000000000000000000000000000000000000000000000000000000000000000000000000000000000000000000000000000000000000000000000000000000000000000000000000000000000000000000000000000000000000000000000000000000000000000000000
0000000000000000000000000000000000000000000000000000000000000000000000000000000000000000000000000000000000000000000000000000000000000000000000000000000000000000000000000000000000000000000000000000000000000000000000000000000000000000000000000000000000000000
0000000000000000000000000000000000000000000000000000000000000000000000000000000000000000000000000000000000000000000000000000000000000000000000000000000000000000000000000000000000000000000000000000000000000000000000000000000000000000000000000000000000000000
0000000000000000000000000000000000000000000000000000000000000000000000000000000000000000000000000000000000000000000000000000000000000000000000000000000000000000000000000000000000000000000000000000000000000000000000000000000000000000000000000000000000000000
0011111111101111111111111111111111111111111111111111111111111111111111111111111111111110111111111111111111111111111111111111111111111111111111111111111011111111111111101111111111111111111111111111011111111111111111111111111111111111111111111111111111111111
0001111101111111111110111111111111111010111111111111101111111111111111111111111111111111111111111111110111111110111111111111111111111111111111111110111110011111111111111111111111111111111111111111111111111111111110111111111111111111111111111111111111111111
0111111111111111111111110111101111111111111111111111111111110111111111111111111111111111111111111111111111111111111111111111111111111110111110111111111111111111111111111101111111111111111110111111111111111111111111101111111111111111111111111111111111111111
0111111111111111111111111111111111111111111111111111111111111111111111111111111111111110111110111111111011111101111011111111111111111111111111111111111111111011111111111111111111111111111111111111101111111111111111111111111111111111111111111111111111011110
0011111111101111111111111111111111111111111111111111111111111010111011101111111111111111111111111111111111111111111111111111111111111111111111111110111111111111111111111111111111111111111111111111111111111111111111111111111111111111111111111111111111111111
1111110111111101111111111111111111111001111011111111111111110111111111111011111011111111111111111111111111111101111111111111111111111011111111111111011111111011111111111111111111111111111011111111101111111111111111111011111111111110111111011111111111111111
1011111011111111111111111111011111011011111111111111111011111111111111111111111111111111111011111111111111111111011011111111111011111110111111111111111111111111111111111111111111111111111111111111111111011011111111011111111111111111111111111111011011111110
0111111111111111111111111111111111111111111111111111111111111111111111011111011111111111111111111111111111111111111111111111111111111111111111111111111111111111111011110111111111111111111111111111111111011111111111111011111111111111111111111111111111111110
0011111111111111111111111111111111111111111111111111111111111111111111111111111111111111111111111111111111111111111111111111111111111111111110111011110111101111011111110111111101111111101111111011101111111111111111111111111111111111111111111111111111111111
1111111111111111111111111111111111111111111111111111111111111111111111111111111111111111111111111111111110111111111101110111111111111111111111111111111111111111111111101111111011111111111111111111111111111111111111111111111111111111111111111111111111111111
1011111111111111111111111111111111111111111111111111111111011111111111111111011111101111111111111111111111111111111111111111111111111111111111111111111111111111111101111111111111111111101111111111111111100111111110111111101111111111111111011111111111111111
1111111111111111111111111111111011011111111111111111111111111111111111110111111111111111111111111111111111111111111111111111111101111111111011111111111111111111111111101111111111111111111111011111111111111111111111111111111111111111111111111111111111111110
0011111111111111111111111111101111111111111110111111111111110111111111011111110111111111111101111111111111111111111111111111111111111111111111111111111111111111111111111110111111111111111111111111111111111111111111111111101111111111111111011111111111101111
1111111111111111111111111111011111111111111111111111111111111111111111111111111111111111111111111111111111111111111111111111111111111111111111111111111111111111111111111111111110111111111111111111111111111111111111111111111111111111111111111111111111111111
1111111110111111111111111111111111111111111111111111111111111111111111111111111111111111111111101111111111111111111111111111111111111111111111111111111111111111111111111111111111011111111111111111111111111111111111111111111111111111111111111111111111111111
0111111111111111111111111111111111111111111111111111111111111111111111111111111111111111111111111111111111111111111101111111111111111111111111111111111111110111111111111101111111111111111111101111111111111111111111111111111111111111111111111111111111111110
0011111111111111111111111111111111111111111111111111111111111111110011111111111111111111111111111111111111111111111111111111111111111111111111111111111111111111111111111111111111111111111011111111111111111111111111111111111101111111101111111110111110111101
1111111111111111111111111111111111111111111111111111111011111111111111111111111111111111111111111111111111111111111111111111111111111111111111111111111111111111101111111111110111110111111111111111111111110111111111111011101110111111111011111111111111111111
1111011111111111111111111111111111111111110111111111111011111101111111111111011110111110111111111110111111111111111111111111111111111110111011111111111111111111111111111111111111111111111111111111111111101111111111111111111111111111111111111111111111111111
1111111111111111111111101111111111111111111111111111111111111111111111111111111111111111111111111111111111111111111111111111111111111111101111111111011111110111101111111111111111111111111111111011111111111011111111111111111111111111111111111111111111111110
0011111111111111111111111111111111111111111111111111111111111111111111111111111111111111111111111111111111111111111111111111111111111111111111111111111111111111110111111111111111111111111111011111111111111111111111111111101111111101111111101111111111111111
1111111111111111111111111111111111111111111111111111111111011111111111111111111111111111111111111111111111111111111111111111111111111111111111111111111111111111111111111111111111111111111111111111111111111111111111111111111111111111111110111111111111111111
1111111111111111111111111111111111111111111111111111111111111111111111111111111111111111111111111111111111011111110111111111111011111111111111111111111011111111111111111111111111111111111111111111111111111111111001111111111111111111111111111111111111111111
0111111111111111111111111111111111111111111111111111111111111111111111111111111111111111111111110011111111111111111111111111111111111111111111111111111111111111111111111111111111111111111111111111111111111111111111111111111111111111111111111111111111111110
0001111110111111111111111111111111111111111110111111111111111111111111111111111111111111111111111111111111111111111111111111111111111111111111111111111111111111111111101101111111111111111111111111111111111111111111111111111111111111111110111111111111111111
1111111111111111111111111111111110111111111111111111111111111111111111111111111111111111111011111111111111111111111111111111111111111111111111111111111111111111111111111111111111111111111111111111111111111111111111111111111111111111111111111111111111011111
0111111111111111111111111111111101111111111111111111111111111111111111111111111111111111111111111111111111111111111101111111111111111111111111111111111111111111111111111111111111111111111111101111101111111111111111111111110111011111111111111111111111111111
1111111111111111111111111111111111111111111110111111111111111111111111011111111111111111111111111111111111111111111110011111111111111111111111111011111111111111111111111111111111111111111111111111111111111111111111111111111111111011111111111111111111111110
0000000000000000000000000000000000000000000000000000000000000000000000000000000000000000000000000000000000000000000000000000000000000000000000000000000000000000000000000000000000000000000000000000000000000000000000000000000000000000000000000000000000000000
0000000000000000000000000000000000000000000000000000000000000000000000000000000000000000000000000000000000000000000000000000000000000000000000000000000000000000000000000000000000000000000000000000000000000000000000000000000000000000000000000000000000000000
0000000000000000000000000000000000000000000000000000000000000000000000000000000000000000000000000000000000000000000000000000000000000000000000000000000000000000000000000000000000000000000000000000000000000000000000000000000000000000000000000000000000000000
0000000000000000000000000000000000000000000000000000000000000000000000000000000000000000000000000000000000000000000000000000000000000000000000000000000000000000000000000000000000000000000000000000000000000000000000000000000000000000000000000000000000000000
0111110011101010010000111110100110100000000000010100101100110000010001001011110111000001000001111100101000100001011000001101110100110010110001001001111001010000110110101011001010000001100001001100010111011100010101110011001000100010010101101101011100011100
0110010101011111110100001010010001000001101000000000011010001001010001001100100110110011111100110001101100100001010111101011111010110101010000001010100011100000001000100001001110000011111111110101011101010001011010000010110001000110001101110110101000011001
0111000000100001000000111000100000011011100011010011111101101000101010000000111111100010101011111110101111010101011011001011101001101011110011000011001100111110010111101001100100110001100010111101000001101111011100000101000101000000101111100010011010011010
0000111001101111110100011101000000110110110000000001101000000000110011111010000011000101000000010010101110100110110001111100101010000101010110000010010000010100000010101000000101100100100100001101101000010111100000111101011010110110100011111000110110000110
0011011000100010101100100010101111000100111001110001011001000101000011101000001000110001000110101100101001100000010110010101100000011111000000001000000100100000111001100100101100011000001001010101101111011001110110001111101111111100000010100010110010100000
0001011010001110010110011101000101001000100001010010001110000010000100101101001011001010000010000000011111000100000000110001011100010110011001001001100000000110011001000001100100010010110011100101010101001101111101011001000011010001001110101111101010111100
0010111011000001010001011101110111000001101001001001010010111100001000010010111000100111000100001000001001101000101000000000011000010111000100011010000111000110000001011000010100010010000110001000101100010010100000011101110000011111010011100101000110000000
0000011011011000000000001001001001010010010101100000100101110000000000000010010001001000001100010001101101110010001001000011000000100100011001000000111000101001001111000010000000001100010000111110110111100001000000111000000100000001110100000010011001001000
0111111111111111111111111111101111111111111111111111111111111111111101111111111111111111111111111111111111111111111111111111111111011111110111111111111111111111011111111111111111111111111111111111111111111111111111111111111111111111111111111111111111111111
0111111111111110111111111111111111111111111111111111111101111111111111111111111111111111011111111111111111111111101111111111111111111111111111111111111111111111111111111111111111110111111111111111111110011111101111111111010111111101111101111111111111111111
0111111111111111111111111111111111111111111111111111111111111111111111111111111111111111111111111111111111111111111111111111101110111111111111111111111111111111111111111111111111111111111111111111111111111111111111111111111111111111111111111111111111111111
1111111111111111111111111111111111111111111111111111111111111111111011111111111111111111101111111101111111111111111111111111111111111111111111111111111111111111111111111111111111111111110111111111011111001111101111111111111111111111111111111111111111111110
0011111111111111111111111111111111110111101111111111111111111111111111111111111111111111111111111111111111111111111111111111111111111111111111111111101111111111111101111111111111111111111111011111111111111111111111111111111111111110111111111111111111111111
0111111111011110111111111111111111111111011111111110111011111111111011111111101111001111101111110111111111111111101111111111111111111111011110110111111111111111111011011011111111101101111111111111111111111111111110011111001110111111111111111111111111111111
0111111111111111111111111111111111111111111111111111101111111111111111111111111111111111111111111111111111111111101110111011111111111110111111111111111111011101110111111111101111111111111111101111101111111111101101111111111111111111111111110111011111011111
1111111111111111111111111111111111111111111111111111111111111111111111111111111110011111111111111111111111111111111111111111111111111111111111101111111111111111111111111111111111101011111111111111111111111111011111111111111111111111111111111111111111111110
0011111111111111111111111111101111111111111111111111111111111111111111111111111111111111111111111111111111111111111111111111111111111011111111111111111111111111111111101111111111111111111111111101111111111111111101111111111111111111111111111111111111111111
1111111111111111111111111111111111111111111111111011111111101111111111111111111111111111111111111111111111111110111111111111111111111111111111111111111111111111111111111111111101111111111111111111111011111111111111111111111111111111111111111111111111101111
0111111111111111111111111111111111111011111111111111111111111011111111111111111111111111111111111111111111111111111101111111111011111111111111111111111111111111111111111111111101111111110111111111111111111110110111111111111111011111111111101111111111110111
1111111111111111111111111111111111111111111111111111111111111111111111111111111111101111111111111111111111111111111111111111111111111111111111111111110111111111111101111111111111111111111111111111111111111111111111111111111111111111111111111111111111111110
0011111111111111111111111111011111111111111111111111110111111111111111111111111111111111111111111111111111111111111111111111111111111111111111111111111111101111111111111111111111111111111111111111111111111111111111111111111111111111111111111111111111111111
1111111111111111111111111111111111111111111111111111111111111111111111111111111111111111111111111111111111111111111111111111111111111111111111111111111111111111111111111111111111111111111111111011111111111111111111111111111110111111111111111011110111111111
0111111111111011111111111111111111111111111111111111111111111111111111111111111111111111110111111111111111111111111111111111111111111111111110111111111111111111111111111111111111111111111111111111111111111111111111111111111011111111111111111111111111111111
1110011101111111011111011111111111111111111111111111110111111011111111111011111111111111111111111111111111111111111111111111111111111111111111111111111111111111111111111110011111111111111111111111111111110111111111111110111111011111111111111111111111111110
0011111111111111111111111111111111111111111111111111111111111111111111111011111111111100111111110111111111011111111101111111111111111111111111111111111111111111111111111011111111111111111111111111111111111111111111101111111111111111111111111111111111111111
0111111111111111111111111111111111111111111111111111111111111111111111111111111111111111011111111111111011111111111111111111111111111111111111111111111111111111111111111111111111111111111111111111111111111111111111111111111111111111101111111111111111111111
1111111111111111111111111111111111111111111111111111111111111111111111111111111111111111111111111111111111111111111111111111111111111111111111111111111111111111111111111111111111111111111111101111111110101101111111001111011111111111111111111111111111111011
1111111111111111111111111111111111111111111110111111111111111111111111111111111111111111111111111111111111111111111111111111111111111111111111111111111111111111111111111110111011101111111111111111111111111111111111111111111111111110111111111111101111111110
0011111111111111111111111111111110111110110011111111111111111111111111111111111111111111111111111111111111111111111111111111110111101111011111111111111110111011111111111101111111111111111111111011111111111101110111111111111111111111101111111111111111111111
0111111111111111111111111111111111111111111111111111111111111111111111111111111111111111111111111111111111111111111111111111111111111111111111111111111111111111011111111111111111111111111111111111111111111110111111111111111111111111010111111111101111111111
1111111111111111111111111111111110111111111101111111111111111111110111111111111111111111111111111111111111111111111111111111111111111011111111111111111111111111111111111111101111111111111111111111111111111111111111111111111111111111111111111111111111111110
1111111111111111111111111111111111111111111111111111111111111111111111111111111111111111111110111111110111111111111111111111111111111111111111111111111111111111011111111111111111111111111111111011111111111111111111111111111111111111111011111111111111111110
0011111111111111111111111111111101111111111111110111111111111111111111111111111111111111110010111111111111111111111111111111111111111111111111111111111111111111111111111111111111111111111111111101111110111111111111111111111111111111111111111111111111011111
1111111111111111111111111101111111111111111111111111111111111111111111111111111111111111111111111111111111111111111111111111111101111111111111101111111111111111111110111111111111101111111111110111111111111111111111111111111111111111111111111111111111111111
1111111111111111111111111111111111001101111111111111111111111111111111111111111111111111111111111111111111111111111011111111111111111111111110111111111111111111111111111111111111111111111111111011111111111111111111111111111111111111111111111111111111111110
1111111111111111111011111111111111111111111111101111111111111101111101111111111110111111111111111111111111111111111111111111111111111111111111111111111111111111111111111111011111111101111111111101111111111111111111111111111111011111111011111111111111111110
0011111111111111111111111111111111111111111111111111111111111111111111111111111111111111111111111111111111111111111111111111111111111111111111111111111111111111110111111111101111111111111101111111111111011111111111111111111111111111111111111111111111111111
0101111111111111111111111111111111111111111111111111111111111111111111111111111111111111111111111111111101111111111111111111111111111111111111111111111111111011111111111111111111111111111111111111111111111111111111111111111111111111111111111111111111111111
1111111111111111111111111111111111111011111111111111011111111110111111111111111111111111111011011111111111111111101011111111111111111011111111111111111111111111011111111111111111111111111111111111111111111110111111111111111110111111111111111111110111111111
1111111111111111111111111111111111111111111111111111111111111111111011111111111111111111111111111111111111111111111111111111111111111111111111111111111111111111111111101011110111111111111111111111111111111111111111111111111111111111111111111111111111111110
0011111111111111111111111111111111111111111111111111111111111111111111111111111111111111111110111111111111111111111111111111111111111111111111111111111111111111111111111111111111111111111111111111111111111111111111111011111110111111111111111111111111111111
1111111111111111111111111111111111111111111111111111111111111111011111111111111110111111111111111111111111111111101111111111011111111111111111111111111111111111111111111111111111111111111101111111111111111111011111111111111111111111111111111111111111111101
1111111111111101111111111111111111111111111111011111111111111111111111111111111111111111111111111111111110111111111111111111110111111111111111111110111111111111111111111111111111111111111111111111111111111111111111111011111111111111111110111111111111111111
1111111111111111111111111111111111111111111111111111111111111111111111111111111111111111111110111111111111111111111111111111111111111111111111111111111111111111111111111111111111111111111111111111111111111111111111111111111111111111111111111111111111111110
0011101011110101011111111111110011101101111111001111110111111111110011111001111111110111101111111111101111010111111110011111111111110111111101111111111111111111111111111111101111111111111111111111111111111110110111111111111111111111111111011101111111111111
1111111110111111111111111111111111111111111111111111111011111111111111111111111111111101110111111111111111111111111111111111111111111111111011111011111111011011011111111111111111111111111110111111111111111111111111111111111111111011011111111111111110110101
0111111110011111111111111111111111111111111111111111111111101111110110111111111111111111111111111110111111111111111111111111111111111111111111111111111111111111111111111111001111111111111111111111111111111111111111111111111111111111111111101111111111111111
1111111111111111111111111111011111111111111111111111111111111111111111110111111111111111111111111111111111111111111111101111111111011111111111111111111111111111111111111111110111111111111111111111111111111111111111111111111111111111111111111111111111111110
0111111111111111111111111111111111111110111111111111111111111111111111111111111111111111111101111111111111111111111111111111110111001011111111111111111111111111111111111011111110011110111111111111111111110101111111111111111111011111101110111011111111111111
1111111111111111111111111111011101111011111111111111111111111111111111111101111111111111111111111101111111101111111111111111111011111111011111111111111111111110111011111110111111111111111111111111111111111111111111011111111111111111111111111111111111101111
0111111111110111111111111111111111111111011111111111111111111111111111111111111111111111111111111111011111111111111111111111111111111111111111111111111111111111111111111110101111111111111111111011110111111111110111111111011111111111111111101111111111111110
0111111111110111111101111111111111111111111111111111111111111111111111111111011111111111111110011111111111110111111111111111011111111111111111111111111111111111111101111111111111111011111101111011111011111101111111111111111111111111111111111111111111111110
0011111111111111111111101110111111111111111111111111111111111111111111111111111111111111111111111111111111110111111111111111111111101111111111111111011111111111101111111111111111111111111111111111111111111111111111101111111111111111111111111111111101111111
1111111111111111111111110111111111111111111111111111111111111111111111111110111111110111111110111111111111111111111111111111110111110111111111111111111101110111111111111111111111111111011011101111111111111111011111111111111111011111111111111111111111111110
1111111111111111111111111111111111111111111111111111111111111111111111111111111111111111101110011111111111111011111011011111111111111111111111111110111110111101101001110111111110111111111111111111111111111111111111111111111111111111111111111111111111111111
1111111111111101111111111111111111111111101111111111111111111111111111111111111111111111111111111111111111101110111111100111111011111111111111111111111111101111111111111111111011111111111111111111111111111011011111111111111111111111111111111111111111111110
0011111111111111111111111111111111111111111111111111111111111111111111111111111111111111111111111111111111111111111111111111111111111111111111111111111111111111111111111111111110011111111111111111111111111111111111111111111111111111111111111111111111111111
1111111111110111111111111111111111111111111111111111111111101111111111110111111110111101111111111011111111111111111111111111111111111111111111111111111011111111111111011111111111111101111111111111111111111111111111111111111111111111111111111111111111111111
1111111111110111111111111111111111111111111101111111111111111111111111111111111111111111111011111111111111111111111111111111111111111111111111111111101111111111111111111101111111111111111111110111111111111111111111111111111111111111111101111111111111111111
1111111111111111111111111111111111111111111111011111111111111111111111111111111111111111111111111111111111111111111111111111111111111111111111111111111111111111111111111111111111101101111110111111011011011111101111111111111101111011011110111111110111111110
0011111111111111111111111111111111111011111111111101111111111111111111111111111111111111111111111111111111111111111111111111111111111011111111111111111111111111111111111111111111111111111111111111111111111111111111111111111111111111111111111111111111111111
1111111111111111111111111111111101111111111111111111111111111111111111111111111111111011111111111011101111111111011111111111111111111111111111111111111111111111111111111111111111111111111111111111111111111111111111111111110111111111111111111011110111011111
1111111111111111111111111111111111111111111111111111111011011111111111111111111111111111111111111111111111111111111111111111111111111111111111111111111111111111111111111111111111111111111111111111111111111111111111111111111111111111111111111111111111111111
0111111111111011111111111111111111111111111111111111111111111111111111111111101111111111101111111111111111111111111111111101111111111111111111011111111111111111111111111111111111111111111111111111111111111111111111111111111111111111111111111111111111111110
0011111111111111111111111011111111111011111111111111111111111111111111111111111111111111111111111111111111111111111101111111111111110111011111011111111111111111101111111111111111111111111111111111111111110111111111111111111111111111110111111111111111111011
1111111111111111111111111111111111111111111101111111111111111111111111111111111111111111111111111111111111111111111111111111111111111111111111111110111111011111111111111111111011111111111101111111111011111111111111101111111111111111111111111110111111111111
1111111111111111111111111111111111111111111111111111111111111111111111111111111111111111111111111111111111111111111111111111111111011111111101111111111111111111111111111111111111111111111111101111111111111111111111111111111111111111111111111111111111111111
0111111110111111111111111101111011111111111111111110111111111111111111111111111110111111111111111111111111111111111111111111110011111111111111111111111111111111111111111111111111110111111111111111111111111111111111111111111111111111111111111111111111111110
0010111111111111111111111111111111111111111111111111111101111111111111111111111111111111111111111111111011111111111111111111111111111111111111111111111111111111111111111111111111111111111111111111111111110111111111111111111111111111111111111111111111111111
0101111111111111111111111111111111111111111111001111011111111111111111111111111111111111111111111111111111111111111111111111111111101111111011111111111111111111111111111111111111111111111111111111111111111111111111111111111111111111111111111111111111110111
1111111111111111111101111110111111011111111111111111111111111111111111111111111111111111111111111111111111111111111111111111011110111011111111111111110111111111111111111111111111111111111111111011111111111111111111111111111111111111111111111111111111111111
0111111111111111111111111111111111111111111111111111111111111111111111111111111111111111111110111111111111111111111111111111111111111111111111111111111111111111111111111111111111111111111111111111111111111101111111111111111111111111111101111101101111111110
0011111111111111111111111111111111111111111111111110111111101111111111111111111111111111111111111111111111111101110011111111111111011111111101111111111111111111110111111111111111111111001111111111111111111111111111111111111111111111111111111111101111111111
1111111111111111111111111111111111111111111111111111111111111111111111111111111111111111111111111111111111111111111111111111111111111111111101111111111111011111011111111111111111111111111111111111111111110110111111111111111111111111111111111111111111111111
0111111111111110111111110111111111111111111111111110111111111111111111111110111111111111111111111111111111111111111111111111111111111111111111111111111111111011111111111111111111111111111111011111111111111111111111111111111111111111111111111111111111111111
1111111111111111111111111011111111111111111111111111111111111111111111111111111111111111111111111111111110111111111111111111111111111111111111101111101111111111111101111110111111111111111111111111111111111111101111111011111111111011111111011011011111111110
0011111111111111111111111111111111111111111111011111111111111111111111001111111111111111111111111111111111111111111111111111111111111111110111111111111111111011111111111111111111111111111111111111111101111111110111111111111111111111111111111111111111111111
1111111111111111111111111111111111111111111111111111111111111111011111111111111111111110111111111111011111111111111111111111111111111111111111111111101111111111111111111111111111111111111111111111111111111111111111111111111111111111111111111111111111111111
0111111111101111111111111111111111111111111111111111111111011111111111111111011111111111111101111111111111111111111111111111111111111111111011101111111111111111111111111111111111111111111111111111111111111111111111011111111111111111111111111111110011111110
1111111111111111111111111110011111111111111111111111111111111111111111111111111111111111111111111111111111111111111111111111111110111111110111111111111110111111111111011111111111111111111111111111111111111111111111110111111111111111011111111110111111111110
0011111111111111111111111111111111111111111101111111110101111111111111111111111111111111111111111111111111111111111111111111111111111111111111111111111111101111111111111111111111011111111111111101111111111111111111111111111111111101111111111111011011111111
1111111111111111111111111111111111101111111011111111111111111101111111111111111111111111111111111111111111111111111111111111111111111111111111111111111111111111111111111111111111111111111111111111111111111111111111111111111111111111111111011111111111111111
0111111111111111111111111111111111111111111111111111111111111111111111111111111011111111101111111111111111111111111111111110111111111111111111111111111111111111111111111111111111111111111111111111111111111111111111111111111111111111111111111111011111111111
1111111111111111111111111111111111111111111111111111111111111111111011111111111111111111111111111101011111110111111101111111111111110011111111101111111111111111111111111111111111101111111111111101111111111111111111111111111111111111111111111111111111111110
0011111111111110111111111111111101111111111111111111111111111111111111111111111111111111111111111111111111111111111111111111111111111111111011111111111111111111111111101111111101111111111101111111111110111101111111111110111111111111011110111011111111011111
1111111111011111111111111111111111111111111111111111111011111111111111111110111111111111111111111111111111110111111111111111111111110111110111111111111111111111111111111111111111111111111111111111111111111111111111111011111111111011011110111111111111111111
1111111111111111111011111111111111111111111111111111111111111111111111111111111111111111111111111111111111111111111111111111111111111111111011111111111111111111111111111001111111111111101111111111111111111110111111111111110111101111111111111111111011110110
1111111111111101111111111111111111111111111111111111111111111111111111111111111111111111111111110101111111111111111101111111111111111111111111110111111111010111110110001111111110111111111111111111111101111110111111111111111111110111111111111111111111111110
0011111111110111111111111111111111111011111101111111111111111111111111111111111111111111111111111111111111101111111111111111111111111111111111111111111111111111111111111111111111111011101111110111111111111110111011011111111111111111110111111111011111111111
1111111111111111111111111111111111111111111111111111111111111111111011111111110001111111011111111111111111111111111111111111111111111011101111111111111011111111111111111111111111111111101110111111111111111111100111110101101011111111011111111111111111111111
1111111111111111111111111111111111111111101111111111111111111111111111111111111111111111111111111111111111111111111111111111111111111111111111111111111111111111111111111111111111111111111111111111111111111111111111111111111111111111111111111111111111111111
1111111111111111111111111111011111111111111111111111111111111111111111111111111111111111111111111111001111110111111111111111111111111111111111111111111111110111111111111101111111111111111111111011111111111011111111111111111111111111111111111111111110110110
0000000000000000000000000000000000000000000000000000000000000000000000000000000000000000000000000000000000000000000000000000000000000000000000000000000000000000000000000000000000000000000000000000000000000000000000000000000000000000000000000000000000000000
0000000000000000000000000000000000000000000000000000000000000000000000000000000000000000000000000000000000000000000000000000000000000000000000000000000000000000000000000000000000000000000000000000000000000000000000000000000000000000000000000000000000000000
0000000000000000000000000000000000000000000000000000000000000000000000000000000000000000000000000000000000000000000000000000000000000000000000000000000000000000000000000000000000000000000000000000000000000000000000000000000000000000000000000000000000000000
0000000000000000000000000000000000000000000000000000000000000000000000000000000000000000000000000000000000000000000000000000000000000000000000000000000000000000000000000000000000000000000000000000000000000000000000000000000000000000000000000000000000000000
0000000000000000000000000000000000000000000000000000000000000000000000000000000000000000000000000000000000000000000000000000000000000000000000000000000000000000000000000000000000000000000000000000000000000000000000000000000000000000000000000000000000000000
0000000000000000000000000000000000000000000000000000000000000000000000000000000000000000000000000000000000000000000000000000000000000000000000000000000000000000000000000000000000000000000000000000000000000000000000000000000000000000000000000000000000000000
0000000000000000000000000000000000000000000000000000000000000000000000000000000000000000000000000000000000000000000000000000000000000000000000000000000000000000000000000000000000000000000000000000000000000000000000000000000000000000000000000000000000000000
0000000000000000000000000000000000000000000000000000000000000000000000000000000000000000000000000000000000000000000000000000000000000000000000000000000000000000000000000000000000000000000000000000000000000000000000000000000000000000000000000000000000000000
0011111111111111111111111111111111111111111111111111111111111111111111111111111111111111111111111111111111111111101111111111111111111011111111111111011111111111111111111111111111111011111111111111111111111110111011111111111111111111111111111111111111111111
0111111111111111111111111111110111111111111111011111111111111111110111111111111111111111111111111111111111111111111111111111111101111011111101111011011111111101111111011011111111011111111111111111111111111111111111111111111111111111111111111111111111111111
1111111111111111111111111111111111111111111111111011111111111111111111111111111111111111111111111111111111111111111111111111111111111111111111111111111111111111111111111111111111111111111111111111111111111111111111111111111111111111111111111111111111111111
1111111111111111111111111111111111111111111111111111111111111111111111111111111111111111111111111111111111111111111111111111111111111111111111111111111111111111111111100111110111111111110111111111111111101111111111111111111111111111011111111111011111111110
0110111111111111111110111110111111101111111111111111101111011011111111111011111111111110111111111111111111111101111111111111111111111111111111111111110111111111011101111110111111111110111111111111111111111110111111111111111111110110111111011111111111111011
0111111111111111111111111111100111111111111111111101111111111111111111111111111111111101111101111011111111111111111111011111111111111111111111110101111111101111010111111111110101101111111111111111111111011111111111101111111111011111111111111111111111111111
1111111110111111111111111011011111011111111111111101111111111111011111111111110111111111111111111101010110111111011111111111111111111111111111111111111001111111111111111111101111110111110111111111111111111111111101111111110111011111111110111110111111111111
0111111111111111111111111111111111111111111110111111111111110111111111111010111111111111011011111111111111101011101111111110111011111111111111101111111111101111111111111111111100111111111111101111011111111111111111101111111111111101110111111111111111111110
0011111111111111111111111111111111111111111111111111111111111111111111111111111111111111111111111111111111111110111101111111111111111111111111111110110111111101111111111111111111111101111011111110111111111111111111111111011111111111111111111111111111111111
0110111111111111111111111111111111111111111111111111111111111111111111111111111111111111111111111111111111111111111111111111111111111111111111111111111111111111111111111111111111111101111111111111011111011111011111111110111111111111111111111111111111111111
1100111111110110111111111111111111111101111111111111111111111111111111111011111111111111111111111111111111111111111111111111111110111111111111111111111110111111101111111111111111111111011111111111111101111111011111111111111111111111111111111111111111111111
0111111111111111111111111111111111111111011111111111100111111111111111111111111111111111111111111111111111111111111111111101111101111101011111101111111111111011111111111111011111111111111111111111111111111111111111111111111011111111111111111111111111111110
0111111111111111111111111101111111111111111011111111111110111111111111111111111111111111111111111111111111111111111111111111111111111111111111111111111111111111111101011111111111111011110111111011111111111111111111111111101111111011111111111111111011110111
0111111111111111111111111111111111111111111111100111111110111111111111111111111111111011111111111111111111111111111111111111111111111111111111111111111111111111111111111111110111101111111111111111111111111011111111111111111111111101111111111011111110110111
0111110110011011100111101111111111100111111011101111111111111111111111111111111111111111111111111111111111110111111111111111101111111111011111111111110111111111111111111111111111111111111111101111111111110111111111111111101111111111101111110111111111111111
0111111111111110111110111111101111111111111111110111111111101111111111111111111111111111011111110111111111101011111111111110111111110111111111111111111111111111111111111111111111111111111111111111111111111110111111111111111001111111011111111111111111111110
0001111111111111111111111111111111111111111111111111111111101111111111111111111111111111111111111111111111111111111111111111111111100111111111111111111111111111111010111111111111111111111111111111111111111111111111111111011111111111111111111111011111111111
0111111111111111111111111111111011111111111111111111111101110111101111111111111111111101111011111111111111111111111111111111111111111111111111111111111111111111111111111111111111111111111111111111111111111111111111011111011111111111111111111011111101111110
1111111111111111111111111111111111111111111111111111111111101111111111111111111111111111111111111111111111111111111111111111111111111111011111111111111101111111110111011111111111111110111111101111111111111101111111111111111111111111111111111011111111111111
1111111111111111111111111111111111111111111111111111111111111111111111111111111111111111011111110111110111111111111111111111111111111111111100111111111111111111111111111111111111111111111111111111111111111111111111111111111111111111111111111111111111111110
0010011111111111111111111111111111111111111111111111111111111111111111111111110111111111111111111111111111111111111111111111101111111111111111011111010111111111111111111101111111111111111111011111111111110111111111111111011111111111111111111111111111111111
1111111011101111111111111111111111111111111111111111111111111111111111111101111111111111101111111111111111011111111111111111110111111111111110111111001111111111111111111111111111111111111111111111111111111111111111111111111111111100111111111111111111111111
0111111111111111111111111111111111111111101111111111111111111111111111111111110111111111101110111111111111111111111111111111111111111111111101111101111011111110111111111111111111111111111111111111110111111111111111110111111111111111111111111110111111111111
1111111011110111111111111111111011111111111111110111111111111111111111111111111101111111111111111111111111111111111111111111111111111011111111111111111111111111111110111111111111111111011111111101111111111011111111111111111111111110111111111111111111111010
0011111111111111111111111111111111111111111111111111111101111111111111111111111111111111111111111111111111101111111111111111111111110111111111111111111111111111110111111101111111111111111111111111111111111111110111111111111111111111111111111111111111111111
1111111111111111111111111111111110111111111111111111111111111111111111111111111111111111111111111111111111111111111111111111111111111111111111111111111111111111111111111111011111111111111111111111111111111111111111111111111111111111111111111111111111111111
1111111111111101111111111111111111111111111111111101111111011111111111110111111111111011111111111101101111111111101111111111011111111111111111111111111111111111111111111001111011111111101111111111111101111101111111111111111111111111111111111011111111111101
0110111111111011111111111111111111111111111111111111111111111111111111111111111111111111111111111111111111111111111111111111111111111111110110111111111111101111111110111111111111111111111111111111111111111111111111111110111111111111111011111111110111111110
0011111111111111111101111111111111111111111111111011111111111111111111111111111111011111111101111111111111111111111011111111111111111111110111111111111111111111101111111111111111111111111111111111111111111111111111111111111101111111111111111111111111111111
1110111111111111111111111111111111110111111111111111111101011011111111011011111111111111111111111111111011111111111111111111111111111111111111111111111111111111111111111111011111111111111111111111111111101111111111111011111111111111111111111111111111110111
1111111111111111111111111111111111111111011111111111111011111111111011111111111111111111111111111111111111111111111111111111111111111111111111111111111011111111111110111111111110111101111110111111111101111111111111111111111111111101111111111011111111111111
1111111111111111111111111111111111111111111101111110111111111111111111111111011111111111111111111111111111111111111111111111011111101111111111111111111110011111111111111111111111111111111111111111111111111111111111111111101111111111011111111111111111111110
0011111111111111111111111111111111111111111111111111111111111111111111111111111111111111111111111111111111111111111111111111111111111111111111111111111111111111111111111111111111111111101111111111111111111111111111111111111111111111111111111111110111111111
0110111111011111111111111111111111111111111111111111111111111111111111111111111111111111111111111111111111111111111111111111111111111111111111111111111110111111111111111111111111111111111111111111111111111111111111111111111111111111111111111111111111111111
0111101111111111111111110111111111111111111111110111111111111111111111111111111111111111111111111111111111111111111111111111111111111111111111111111111111111111111111111111111111111110111111111110111111111111111111110111111111111111111111111111111111111111
1111111111111111111111111111111111111110111111111111111111111111111111111111111111111111111111111111111111111111111111111111111111011101111111111111110111111110111111111111111111111111111111111111111111111111111111111111111111111111111111111111111111111110
0011111111111111111101011111111111111111111111111111111111111111111111111111111111111111111111111111111111111111111111111111111111111111111111011111111111111111111111111111111111111111111111111111111111111111101111111111111111111111111111111111111111111111
1110111111111111111111111111111111111111111111111111111111111111011111111111111111111111111111111111111111110111111111011111111111111111110111111111011111111111111111111111111111111111111111111111111110111111111111111101111111111111111111111111111111111111
0111111111111111011111111111111111111111111111111111111111111111111111111111011111111111111111101111111111111111111111111111111111111111111011111111111111111111111111111111111111111111111111111111111111111111111111111111111111111111111111111111111111111111
1111111111111111111111111111111111111111111111111111111111111111111111111111111111111111111111101111111111111111111111111111111111111111111111111111111111111111101111111111111111111111111111111111111111111111111111111111111111111111101111111111111111111110
0011111101011111111110010100010110111111111011111111111101111111111011111111111010011101111110110111101011100110110011111100111101111111111101110011110001111111111111100010110111011111011111111111101110111101111111111011111111111110110111111100111001111101
1111011101110011011111011110110111111111110111111111111111111011111101101110011111111111000100011010011011011111111111111110010111111011111111111111111111011001111011101100101010111110111111111011011101101110111001011000100111101100011010111101111111111111
1011101111110110111111111111111111111010110110111011011010110110111101111111111111111110110111111111111101110111101110101111111011101111111111010011111111111111111111101001011111110111100101110111100111111001111011101110110101110111111111111000100101111111
0110111111111010011101111101011111111111011010011011111001111111110101011110101011111101001111101111011001111111111110111111111011111110111111110110110011011011111111111011011100110111111101111011111101110110101011111011111111111001101111101110111111100110
0011111111111111111111111111111111111111111110111111111111111111111111111111101111111111111111111111111111111111111111111111111111011111111011111111111111111111111111111111111111111101111111111111111111111111111111111111101111111111111110111111111111111111
0111111111111111111111111011111111111111111101111111111111111111111100111111110101111100111110011111110111111111111111111111111111111111111111111111111111111111011111111111111111011111111111111111111111111111111111111111011111111111111111111111111111111110
0111110111111111111111111111111111111111111111110111111111111111110111111011110111111111111111111111111111111111111111111111111111111101111111111111111111111111111110110111111111111110101111111110111111111111111111111111111111111111111111111111111110111111
0111111111111111111111111111111111111111111111111111111111111111111101111011111111111111111111111111111111111111111111111111111111111011111111111111101111111111111111111111111111111111111111101111111110111111111111111111111101011111111101111111111111111110
0000101001000000000101001011110110000001011100111000111111110011001000100000001010100001011010101110111010000111001110010101101010010100110110010011100110110001011001100111011110110101101000000011010001000001100001011110101000000011100001100000000101011011
0000111010011101101000001111100101110100001001101000000010000000010101000011000110000010111011100000011110010101100111000001001011010110011000001011101110000100011010000001100000101010101010000111111011001100011011010101011101100011001000110001101010001110
0010101001001011111011101000101011101101000111011111101110001111111001011111111000000000011110001100010001011010111111001001011011010010110011101001101100100111000111010111111111000111101010101111001001100100110111111010100010111001110110011111110000100101
1111101010101011111101110100011001010001001110011010111111000000100001101010110010111001011101110111010101011000100001101101001111111111111111101110100101101100110100011101000100101011100000110010101100001111011000100100111111110000101010101110001100110100
0011111111111111111111111111111111111111111111111111111111111111111111111111111111111111111111111111011111111111111111111111111111111111111111111111111111111111111111111111111111111111111111111111110111111111111111111111111111110111111111111111111111111010
1111111111111111111111111111111111111111111111111111111111111111111111111111011111111111111111111111111111111111111111111111111111111111111111111111111111111111111111111111011111111111111111111111111110111111111111111111111111111111111110111111111111111111
0111111111111111111111111111111111111111011111111111111111111111111111111111111111111111111111111111111111111111111111111011111111111111111111111111111111111111011111111111111111100111111111111111111111111111111111111111111111111111011111111111111111111111
1111111111111111111111111111111111111111111111111111111111111111111111111111111111111111111111111111111111111111111111111111111111111111111111111111111111111111111111111111111111111111111111111111111111111111111111111111111111111111111111111111111111111110
0000000000000000000000000000000000000000000000000000000000000000000000000000000000000000000000000000000000000000000000000000000000000000000000000000000000000000000000000000000000000000000000000000000000000000000000000000000000000000000000000000000000000000
0000000000000000000000000000000000000000000000000000000000000000000000000000000000000000000000000000000000000000000000000000000000000000000000000000000000000000000000000000000000000000000000000000000000000000000000000000000000000000000000000000000000000000
0000000000000000000000000000000000000000000000000000000000000000000000000000000000000000000000000000000000000000000000000000000000000000000000000000000000000000000000000000000000000000000000000000000000000000000000000000000000000000000000000000000000000000
0000000000000000000000000000000000000000000000000000000000000000000000000000000000000000000000000000000000000000000000000000000000000000000000000000000000000000000000000000000000000000000000000000000000000000000000000000000000000000000000000000000000000000
0011111111111111111111111111111111111111111111111111111111111111111111111111111111111111111111111111111111111111111111111111111111111111111111111111111111111111111111111111111110111111101111111110111111111111111111111111111111111111111111111111110111111111
1111111111111111111111111111111111111111111111111111111111111111111111111011001111111111111111111111111111111111111111111111111111111111111111111111111101111111111111111111111111111111111111111111111111111111111111111111111111111110111111011111100111111101
0111111111111111111111111111111111111111111111111111111111111111111111111111111111111111111111111111111111111111111111111111111111111001111111111111111111111111111111111111111111011110111011111101110111111111111111111111111111111111111111101011111111111111
1111111111111111111111111111111111111111011101111111111101111110111111111111111111111101111111111111111111110111111111111111111111111111111111011111111111111111111111111111111111111111111110110111111111111111111111111111111111111111111111111011111111111110
0111111001111111111111101111111111111111011111101111111111111111111111111011111011111111101111111111011111111111111111111101111111111111101111111111111011111111111111111111111111111111111011111111110111111111111111111111111111111111111111011111111111111111
1111101111111111111111111111111111111111111011111111111111111111111111111111111111111111111011111111111111111111111111111111111111111111101111111110111111111111111111111111110111111111111111111111111111111111111111111111111111111111111111111111111111111111
0111111111111111111111111111111111111011111111111111111111111111111111111011111111111111111111111111111111111111111111111111111111111111111111101111111110111111111111111111111111111111111111111111111111111111111111111111111111111111111111111111111111111111
1101111111111111111111111111111111111111101011111111111111111111111111111110111111111111111111111111111111111111011111111111111111111111111111111111111111111111111111111111111111111111111111111111110111101111111111111111011111111111011111111111111111111110
0111111101111111111111101111111111111111111111111110111111111011111111111111111111111111111111111111111111111111111111111001111111111111111111101111111111111111111101111111011111111111111111111101111111111111111111111111111111011111111111111111111111111110
1111111111111111111111111111111111111011111111111111111111111011111111111111111111111111111111111111111111111111111111111111111111111111111111111111111111111111101111011101111111111011111111110111111111111111111111011111111011111111111111111111111111111101
1111111101111111111111111111111011111111011111111111101110111111111101111111111111111110110111111111111111011111111111111111111111111111111111111111111010110111111111101001111111111111111111111111111111101011101011111111111111111111111111111111111111111110
1111111111110111111111111111111111110111111111111111111111111111111111111111111111111111111111111111111111111101111111111111111111111011111111111111111111111111111111111111111011111111111111111111111111111111111111111111111111111111111111110111111111111110
0001111111111110111100010111010011111101111100111010011111101101110101011111111110100111101100101111111011101111101111010011011111100110111111111110011011111111110101111011101111111111100110101110111111010101111111110010111111001111100101001111101111110001
0111111101001111111111011110111011111100111001010101110111101111010111110101111101110011011101101011111101011110101111111011001011111011111111111111110010111010001010111011011101001111011001010110101111111110111110111100111111111111110111111111111111101111
1111111101111111101110110001111011111111100110101100100111111110011111111111101001111011111011111010111111111100011011011011111111110110101111010111011111101110111111111101111110111000011101110011111011001100101101101010011101110011111111011110010101111001
0110011111101111100110101101111001111111110111011110011111101011011101110110111101101111111110111111101111011110111111111111111000101011010111110101001110011111111001111111011011011111111111111110010111111101111111100101010011011111011111101111111111111010
0011111111111111111001111111111111101111111111111111111101111111111111111111111111111111111111111111111111111111111111111111111111111100111101111111111111111111111111111111111111111111111111111111111111111111111111111111111111111111111111111111011111111111
0111111111111111111111111111111111111011011111111111111111101111111111101111111110111011111011111111111111111111111011111111111111111111110011111111011111111111111111111111111101011111111111111111111111111111111111111111111111111111111111111111101111111111
0111111111111111111111111111111111111111111111111111111111111111111111111111111110111111101111111111111111111111111111111111111111101011111101111111111111111111111111111101111111111111111111111111111111111111111111101111111111111111111101111111111111111111
1111111111111111111111111111111111111111111111111111011111111111111111110111111111111111110111111111111111111111111101111111101111111111111111111111111111111111111111111101111110111111110011101111011111111111111111011111101111111111111111111111111111111110
0111111111111111111111111111111111111111111111111111111111111111111101111111111111111111111100111111011111111011111101101011111111111101111111011101111111111111101111101111111011111111111111111111111111111111111111111101111110011111111111111110111110110111
1111111111111111110001111101111111111011111111111011111111111111111011111111111111111111111111111111111111101011111111111111111111111111111110111111111111111010111111111011010111111111111101111111111110111110111011111110110101101011111111111111111110111111
1101111101111111011111011011111111011110111111110111010110111011111111111111110011110101111111111111111111011111011111101111111010111111111101011011111011111111011111011011101111110011111111101111111111111111011111111111111110110111111011111111111111011111
0111111111111111111111111111111111110111111111111111111111111111111111111111111111111111111111111111111111111101111111111111101010101101111111111111111010111111101111111111111111111101111111111111011111111110111011111111111111111111111110111111111111111110
0011111110111111011111111111111111111111111111111111111111111111111111111111111111111111111110111111111101111111111111111011111111111111111111111111011111111111111111111111111011111111111111111111111111111111111111111111111111111111111111111111111101111111
0111111111111111111111101111111111111111111111111111111111111111111111111111111111111111110111111110111111111111111111111111111111111111101111111111111111111111111111111111111111111111111111111111111111111111111111111111111111111111101111111111111111111111
0111111111111111111111111111111111110111111111111111111111111111111111111011111111111111111111111111111111111111111111111110111111111111111111111111111111111101111111111011111111111111111111011111111111110111111101111111111111101111111111110111111111111111
1111111111111111111111111111111111111111111111111111111111111111101111111111111111111111111111111101111111111011110111011111111111111111111111111111110111111111111111111111111111111011111111111111111111111111111111111111111111111111111111111111111101111110
0011111111111111111111111111111111111111101111111111111111111111111111111111111111111111011111111111011111111111111111111111111111111111111001111111111111111111111111111111111111101111111011111111111111111111111111111111111111111111011111101111111111111111
1111111111111111111111111111111111111111110111111111111111111111111111111111111101111111111111111111111011111111111111111111111111111111111111111110111111111111111011111101111111101101111111110111101101111111111111111111011011111111111111111110111101111111
1111111111111111111111111111101111111111111111111111111111101111111111111111111111111111111111111111111111111111111111111111111111111111111111111111111111111111111111111111111011111111111111111111111111111111111111111111111111111111111111111111111111111010
1111111111111111111111111111111111111111111111111111111111111111111111111111111111110111111111111111101111111111111111001111111111110111111110111111101111111111111001111111111111111111111111111111111111111111111111111111101111111111111111111111111111111110
0000000000000000000000000000000000000000000000000000000000000000000000000000000000000000000000000000000000000000000000000000000000000000000000000000000000000000000000000000000000000000000000000000000000000000000000000000000000000000000000000000000000000000
0000000000000000000000000000000000000000000000000000000000000000000000000000000000000000000000000000000000000000000000000000000000000000000000000000000000000000000000000000000000000000000000000000000000000000000000000000000000000000000000000000000000000000
0000000000000000000000000000000000000000000000000000000000000000000000000000000000000000000000000000000000000000000000000000000000000000000000000000000000000000000000000000000000000000000000000000000000000000000000000000000000000000000000000000000000000000
0000000000000000000000000000000000000000000000000000000000000000000000000000000000000000000000000000000000000000000000000000000000000000000000000000000000000000000000000000000000000000000000000000000000000000000000000000000000000000000000000000000000000000
0011111111111111111111111111111111111111111111111111111111111111111111111110111111111111111111111111111111111111111111111111111101111110011111111111111111111111111111111111111111101111111111111111111110111111111111111111111111111101111111111111111111110111
1111111111111111111111111111111011111111111111111111111111111111111111111111111111111111111111111111111111111111111111111111111111111101111111111110111111111111011111111111111111111111111111111111111111111111111111110111111111111111111111111111111111111111
1111111111111111111111111111111111111111111110111111111111111011011111111111111111111111111111111111111111111111111111111111111011101111111111111111111111111111111111111111111111111111111111111111111111110111111111111110111111111111111111111111111111111111
1101111011111111111111111111111111111111110111111111111111111111111111111111111111111111111111111111111111111111011101111111111111111111101111111111111111110111101110111111111111111111111111111111111111111111111111111111111101111111111111111111111110111110
0011111111111111111111111111111111111111111111111111111111111111111111111111111111111111111101110111111111111111111111111111110110111110111111111111101111110111111111101111111111111011111111111101111111111111111111111111111111111101111111111111010111111111
1111111111101111111111101011111101101111111111111110110111111101011111101111111111111111111111111110111111111111111101111111111111111111111111111111101111111101111111111111111111111111111110111111101111111111111111011111111111111111111101111101111111111111
0101111110111111110111111111111111111111110111111111111111101111111111111111111111110111111111111111111111111111111111111111111111111111111111111111111111111111111111111111111111111111111111111111111111111111111111111111111110111111111111111111111111111111
1111111111111111111111110111111111111111111111111111101111111111111110111111111111101111111111111111110111111111111111111111011011110111110111111111111111111111111111111111111111111111111111111111111111111111111111111111111111111111111111111111111111111110
0111110111111111111111111111111111111111111101111111111111111111101111111111111111111110100111111111101111111111011111111111111111101111111111111011111101111011001111111111111111011111111011111111111111111110111111111111111111111111111101111111111111101111
1110111111111111101111111011111111111011111111111111111111111111111111111111111111111101111110111111111111110111111111101111110110111111111101011111111111111111101111111111111111110111011101101101111110111111111111111101011111010111111111111111111101111010
0111111111111111111011111111101111111111111110111111111101110111110111111111111111111111111011111111110111111100011111111111110110110111110111111111111110111111101111111110111011011111111111111111111111111011110111101111111011111111111110110101111110111111
1111101111111111111011111010011011111111111111111011111111111111101111011111110111111111111101111101111111111111111111111111111111111111111111111111011111110111111101111111111111111111011111111101110111111111111111111111111111111111111111111111101101111110
0011111111111111111111111111111111111111111110111111111111111111111111111111111111111111111111111111111111111111111111111111111111111111111111111111111111111111111111111111111111111111111111111111111111101111111111111111111111111111111111111111111111111111
1111111111111111111111111111111111111111111110111111111111111111111111111111111111111111111111111111111111111011111111101111111111111011111111111111011110111011111111111111111111111111111111111111111111111111111111111111111111111111111111111111111111111111
1111111111111111111111111111111011111111111111111111111111111111111111111111111111111111111111111111111111111111111111111111111111111111111111111111111111111111111101111111111111111111111111111111111111111111111111111111111111111111111111111111111111111111
1111111111111111111111111111111111111111111111111111111111111111111111111111111111111111111111111111111111111111111110111111111011111111111111111111111111111111111111111111111111111011110111111011111111111111111111111111111111111111111111111111111111111110
0011111111111111111111111111111111111111111111111111111110111111111111111111111111111111111111111111111111111111111111111111111111111111111111111111111111111011111111111111101111111111111111111111111111111111101111111111111111111111111111111111111111111111
1111111111111111111111111111111111111111111111111111111111111111111111111111111111111111111111111111111111110111111111111111111111111111111111111111111111111111111111101111111111111111111111111111111111111111111111111111111111111111111111111111111111111111
0111011111111111111111111111111111111111111111111111111111111111111111111111111110011111111111111111111111111111111111111110111111111111111111111111111111111111111111111111111111101111111111101111111110111111101111011111011111111111111110111111111111111111
1111111111111111111111111111111111111111111111111111111111111111111111111111111111111111111111111111111111111111111111111111111111111111111111111111111111111111101111111110111111111111111111011111011111111111111110101111111111011111111111111111110111111110
0011111111110111111101111111111101111111111111111111111111111111111111111111011111111011111111111111111111111111111111110111111111111111111111111111111111111011111110111111111111111111111111111111111111111111111111111111111111111111111111111111110111111111
1111111101111101111111111111111111111111111111111111111111111111111111110111111111111111111111111111111111111111111111111111111111111111111111111111111111111111111111111111111111111011110101111111111111111111111111111111111111111111111111111111011111011111
1111111111111111111111111111111101111111111111111111111111111111111111111111111111111111111111111111111111111111111111111111111111111111111111111111111111111111111111111111111111111111111111111111111101111111111111101111111111111110111111111111111111111111
1111111111111111111111111111111111111111111111111111111111111111111111111111111110111111111111111111111111111111111111111111111011111111111111111111111111111111111110111111111111111111111111101111111111111111111111111111111011111011111111110111111101111110
