0101001011111110110111010000111110110111111001110111011110011100101111000001111010001101110011110001011111011000110100001010110101101010100100011011011001101000111110101011111000010011100111100001111100111111110011111111010110101100000101110111011100110100
1111110001110111101000100110100011111100110001011000111100111110110011011001010011010010010000101101010111110010110000111101111110100010010111111010101001111001111001111010010101000110001110101010101111100011100001111010011100000001011010110011011011110000
0111101100110111101100110101100001101110110101110110110101111100001001000000101100110001011001001101001111001001000000111000100011100011100100010111011100100111110011011001101110111101001001111111000100011110001010111111101111001111000101001011101111001101
0101010000011110101111101001010110011111011001110101110111010011001010100000001111011100100111000010110011001100101011001001110010011001011001110111101100011011001101010100100001101000111101110100011110110100000000101001000110100011010111110001010100010001
0010110001000001011110010001101001100101111010101101110001100000010001100010111011101000100111100111110000011110100110101110101001000010001101011101111110010100111001000011011111111011100010111011101111110011111101110011000110011010011101000110110111110111
0000000000011000110100000101101110100001000001110010010000010111100001100110111110101111111101101111001101101011000000111101110111111100111100010100100100111101101110011011101110001111011001111101100000001011111100010111111100010011101000010110111110010010
1010101101101010111100101000001111001000101011110110011101101001011001000000111110011110001011100111110111111111011101100010111100100110011000100111000010111100111011011101010001101000000111111001111100001001010111011010011011100001000111111101000011101101
0001111101011000101110011010000100000111010010101110010011101101111001101111100010101010001010110111111100010000010000111000100010001011101010011111000100000011111111110101100110100001010100101100010101111010011011001000100100011010101000111101100110111010
1000000001000001001100111111011011001000001001101010000100011110110011001010100010010111011100101110001000111101011000101001000010010111001011101101010100100011010000010111000011101101000101110111011100011010101001011001011101001110001100110111000000000100
1001010001001101011110110100010000110001000001110111101010000100001001010000101000010000011000100010110000000000100000001001011000001000101010100110111011110001000100011000101001010000000011010011010101111011001110000100110000100000001010100110001000000110
0000000010000001000000011000000010000000000000100000001000010000000001011010110000000000010000001000101111001000000100010000000000000000000100000000000000010000000010100010001000000000000000010000110001000010100000100111000000011100000000001000010010000111
0001100000010110100001110001010000000001100001000000000000001001000000000100000111010110010000011101000000010000101000000000000000100000000100100000000010000001000101001010100011000000001101011000000010000100000101010000001011000000010100100110000010010100
0000001000000100000001010000100000100011010000000010100100000001111000100001001001010001100111001000001100000110001000010000001111001001000000000100111000001000000000000000001000000000001010001010000100000000000001000010000001000000000001001100100000010000
0000100100000000001000010000000010100000000100000000000011100000100000000000000001000000000000010010000000000000000000000000000101000001000111010011010010001000101000000000000000000001000000000000000001001100000000000000001000000000010011010000000000000000
0000001100010100010110000000000011000000100000000000000001000000000000000000010010000000000010000000010000000000000000000010100000000100000000000000000001000000000000000000000000000000000000000000001000000000001001000000000000000000100000000000000000001000
0000001000000000000000000010000000000000100000000000000001000011000100000000100000000100000000100010010010000000001000001000001000000000010000000001000001000000011001100000000000000000000010000000000010000100010000010000001000000000000000000000100010000000
0111111110001111101001001011111101011111010101110111011111110111111111111101111100111111111110100010010111101011011110111011101001100111011110111000111001110110111111111100100111111101101111100111001111011101110011111111010111011111110011101111111011111111
1011111111001010011111111011110011110011111111011101111110110001111101111101111010111111010010010111111011010111101101111100111101110011111111110101111010111111111011011110100110101011101111111001001101111111111011111011011111000111111111110010110111111011
0100000011111011110101111111010111111111111110101000111111111111111010111111111101110101110101111111111000111111110111010101010111111111111110111110010100111111111111111111011100111111111011011111110100111110011110111100111111110110111011110110010011111100
0111101110111111101011000111101001111110011110001101111101111101010111110111111110001111101010111011001111111011101110110101110101111111111111011101001111110101101111111111011111111011110111111110111110011111101100001111001101001111110101111101100101011011
1011101011111101111001111110011011101101111011110011111001101101101111011110011101011001011111001110110011000110101101111000101011111011111011111111110011101010111111110111111111101100100011101111111111111111101110110111111011111011101110111101111111111011
0111111111101111111101110101111101111111101110011111011011101101111111111011011100010000111011100110111011100110101111111110111111101011101001100110111111101111000111101100111111111101001101001101100111111110001101110101101001110100111111111101111111111110
1011110111010111111011111001011111111111110110010101110111111111110100111011111111111111101111001101100111111101111010101110011101000111001011111101111110111111111111110010111101011110011011110111101101110101111110111111111111111011111100111111111110110111
1111101011011111101111111001100011111110111011100110101110111111111111010000111111111010111011111111111111111010001101111111111111101111111110101110110111111011111000101001111110011110111010101111111111111110101010101111111111101111101101101110011011111011
1110000111110111111011011111110101111111111001111101011111011111101111111111111011011111100000111100111100111010010111101011111111111110111101010111001110111011110110011100111111111000011010101111111111111111011111001011111101110011111101011111100100111111
1111111111111111111111011111110101011111011111001111011110011111110111110101110101011111111111111011011110101010011111011101100111101110111111111001001011111111111110111111111111110111111110110011111010011111111110101111101010011000111111111111110111001110
1111011111011101111101111111111110111111111000100111111111111111011000111110111111101111111110011101101110011011001111111011111111111101110010001110111110111100111111101110111111111101110111111110111101111111010111110111110111110111111101111010101111100101
1111101111111111011111010101101101111111110110110001110010111111111111111101101111111111111001011110101111011100011110111111111111111111111111110111110110110010110110001111111110111101110101010111110110110100111011111111100101111101111111111110101011110111
1101001111111111010111111110111111101111111100010110111110110101110011111111101110111100110111101100100111111010111110101010111010111011101011111111101111111100111011000111111111110111001111010110001110111110111111111111001101101001110010101111101010001011
1001111111111001011111111111111111011100100100111010111000000010111101011110011111101111111011110111110011111111111111010010111111100111011101101111101000010011111111110011011110111011100011100101110111111111100011101100111111110111111100110110010110011010
0111011101111110111110110111111100110111111101011101110101111110101001111011110011001111011110110111111101101111011100000111111001010111111111111111111110101001111101101000110010101110010010100001011111010111111110010010111010101111111011101111111111111101
1011110111111111011011001110101010001011110101000111011111111101010111000110100101011110111111000101000100111100001111001010000111101110000101110010011100011111111110100100111100111111110001100011011100111110001101111111100111111100101101111110001011110110
0101111011110011111111000111111101110111111110110111100111101101101101111110111111101101111000111111010110101110111111110011010111011100001001110111101111111110011001011011111111111001011110001111111010101010110110111011101111101011111001011111111011101111
0110011000110010001000011111111011111111111101111101111111101111010100111001011111111111011111001101010000011101110101101011111111111001011111110111100011011111011110011110100110110011101111011111100000110011110001110111111011100000011111111101111111000110
0000000000000000000000000000000000000000000000000000000000000000000000000000000000000000000000000000000000000000000000000000000000000000000000000000000000000000000000000000000000000000000000000000000000000000000000000000000000000000000000000000000000000000
0110111011110101111101110111111101110110111111111101111111100000000000000000000000000000000000000000001111000000100100010000000011011111000000000000000000000000000000000000000000000000000000000000000000000000000000000000000000000000000000000000000000000000
0000000000000000000000000000000000000000000000000000000000000000000000000000000000000000000000000000000000000000000000000000000000000000000000000000000000000000000000000000000000000000000000000000000000000000000000000000000000000000000000000000000000000000
0000000000000000000000000000000000000000000000000000000000000000000000000000000000000000000000000000000000000000000000000000000000000000000000000000000000000000000000000000000000000000000000000000000000000000000000000000000000000000000000000000000000000000
0000000000000000000000000000000000000000000000000000000000000000000000000000000000000000000000000000000000000000000000000000000000000000000000000000000000000000000000000000000000000000000000000000000000000000000000000000000000000000000000000000000000000000
0000000000000000000000000000000000000000000000000000000000000000000000000000000000000000000000000000000000000000000000000000000000000000000000000000000000000000000000000000000000000000000000000000000000000000000000000000000000000000000000000000000000000000
0101111001110010010000110110101111111111001100111011000000011111111101111110010100001110101100011111111111111111101110111000110110011101111101010111111100110001001110010111111111110100101101101110101111011101111101110011111111101111111011010001011011001110
0111101101010111110100101110010100100101010000110101111101101100011111101000001101100111001110100100011110010100110110111101100111111111011110110100000011111010001011111011000101111101101001011100111010101000111000111010111001111111110100101111110000111010
0111101101111111110101111111111011101111110110100111101110111101111111111111010111111101111111011101110111100111111101111111110011111111110111111111111111111111111111101101001010100111111011001111110110111101101110111111011111111111011011001011011111101111
1111111011101111111111111010110011001111111111111011101111101101111110110111111101101101111101110101111111110011101011111011111011011101011111011111111111111111111101111111111111111011110111110111111111111111111101111011111101110110110110111101110111010110
0100011001000110100011000110000011001101111100100111000001100000101101011111010010011100111111111011011011010101010011110110111101111100011011011000011101111101111111111011111110111110111111101100010100111001110100111101001101011111111111111101110111111010
1001110101010111111011111111111111111111111011001111111110100110100011110111011010110001101110110010011000101111011101111100101110100110111111101101000010101000011011111100110101100011011110011010110001011000010001010010100110100010001011111001110100011111
0110100111011111111010110011010001001011100010011000010111111011011110110111001101111101101000101101111000111111101111010001111101111111111111101110011111110100100111011111011101111101011111111111111110110011000000010001111001001001001111101100000100001011
0010111001010110110110110000111100101111111010000110111101010001111110110000001001000111111000111111101011111011010100110011110111010111100010100110010000110000011101111101110111101001011010101010110000100010100111001010011000101000100100000000000000000000
0000000000000000000000000000000000000000000000000000000000000000000000000000000000000000000000000000000000000000000000000000000000000000000000000000000000000000000000000000000000000000000000000000000000000000000000000000000000000000000000000000000000000000
0000000000000000000000000000000000000000000000000000000000000000000000000000000000000000000000000000000000000000000000000000000000000000000000000000000000000000000000000000000000000000000000000000000000000000000000000000000000000000000000000000000000000000
0000000000000000000000000000000000000000000000000000000000000000000000000000000000000000000000000000000000000000000000000000000000000000000000000000000000000000000000000000000000000000000000000000000000000000000000000000000000000000000000000000000000000000
0000000000000000000000000000000000000000000000000000000000000000000000000000000000000000000000000000000000000000000000000000000000000000000000000000000000000000000000000000000000000000000000000000000000000000000000000000000000000000000000000000000000000000
0000000000000000000000000000000000000000000000000000000000000000000000000000000000000000000000000000000000000000000000000000000000000000000000000000000000000000000000000000000000000000000000000000000000000000000000000000000000000000000000000000000000000000
0000000000000000000000000000000000000000000000000000000000000000000000000000000000000000000000000000000000000000000000000000000000000000000000000000000000000000000000000000000000000000000000000000000000000000000000000000000000000000000000000000000000000000
0000000000000000000000000000000000000000000000000000000000000000000000000000000000000000000000000000000000000000000000000000000000000000000000000000000000000000000000000000000000000000000000000000000000000000000000000000000000000000000000000000000000000000
0000000000000000000000000000000000000000000000000000000000000000000000000000000000000000000000000000000000000000000000000000000000000000000000000000000000000000000000000000000000000000000000000000000000000000000000000000000000000000000000000000000000000000
0000000000000000000000000000000000000000000000000000000000000000000000000000000000000000000000000000000000000000000000000000000000000000000000000000000000000000000000000000000000000000000000000000000000000000000000000000000000000000000000000000000000000000
0000000000000000000000000000000000000000000000000000000000000000000000000000000000000000000000000000000000000000000000000000000000000000000000000000000000000000000000000000000000000000000000000000000000000000000000000000000000000000000000000000000000000000
0000000000000000000000000000000000000000000000000000000000000000000000000000000000000000000000000000000000000000000000000000000000000000000000000000000000000000000000000000000000000000000000000000000000000000000000000000000000000000000000000000000000000000
0000000000000000000000000000000000000000000000000000000000000000000000000000000000000000000000000000000000000000000000000000000000000000000000000000000000000000000000000000000000000000000000000000000000000000000000000000000000000000000000000000000000000000
0000000000000000000000000000000000000000000000000000000000000000000000000000000000000000000000000000000000000000000000000000000000000000000000000000000000000000000000000000000000000000000000000000000000000000000000000000000000000000000000000000000000000000
0000000000000000000000000000000000000000000000000000000000000000000000000000000000000000000000000000000000000000000000000000000000000000000000000000000000000000000000000000000000000000000000000000000000000000000000000000000000000000000000000000000000000000
0000000000000000000000000000000000000000000000000000000000000000000000000000000000000000000000000000000000000000000000000000000000000000000000000000000000000000000000000000000000000000000000000000000000000000000000000000000000000000000000000000000000000000
0000000000000000000000000000000000000000000000000000000000000000000000000000000000000000000000000000000000000000000000000000000000000000000000000000000000000000000000000000000000000000000000000000000000000000000000000000000000000000000000000000000000000000
0111001000110001101111010011010101011001111110100111101001011011100010111110100110011110111011111101111101101101010101100110101101011100111101110111101110001100011101101010011111111011110100010100111101000010101111011101010110111101100010000011010111000101
0100111111001111101010111000001110001001011001010111011100110010111100111101110110011011001101000111101011011111111011101011010101011100010111011101110010100111001000111001111001110100010010001011111111011100111011011100001101001101001110011111100111101101
1110100110110110010101101100010000000110011101101101011110101101011011100111011111110111111110111010110010001101001001011011100011011110111110001011101110101110100011110111111001111010110101111100101000110100011001111000100111000001111111100011010100101110
1101100010101011100010010111101111111000111010100101001101100011111111001110111011110000101110100001001010111111110010111000000101010000000011011111110111011111111100001011100100010101110110111100001111110011101000111010100111101110110011111111110011010000
0101000110010001010010101001100011000010100111010101110000100101101111011101011110011011010010100101101101001010100001001010100100010011000011100010001010110110111000000010010010111011011110101100100101000011011001110111111111011010110100001111011001100001
1011001101011000110111110001010101001101011010110111010111111101110111111010110111000101110011001110101000110010001110011011010111011011111000011111111011111110110111110011101111010011011110011100101010110100110101101011011010101110010011111111001101111100
1101001110010111000010110100010001101110001001010101111110110110001010111111010100101111100110101011000100110110010110010010000110110111101010101111011110101110010001110010000101010111110011000110111100111101101010011111011100111011100011011011001110101101
0000101111100111000000110100111100111011001100001101110100101011001100111101001011011110110111111101110100111110011100010101111011111101011011011001110111111000100000111110101110110110111001010011111111010000010000010000111001000011000000110100011100101001
0001110100010010010000100000100111000011000000000000110010100001000001100010001100100000000000010000001000000000000001011000101000100000010000000000000000010100100100000000100101000000010000100000000000001000000000000000000000000001001000100100100000000010
0100000000000000000100001000000000000101000010010000000011000000000000000000000010000000001000000010000000100000000000000000101000000010000110000000000000000000000000000000000100000000000001000100000000000010000000010100000000000000000000000001100000000000
0000100000000000000000001000000000000000000000110100000000000000000000000000010000100010000000000100110000100010000000000000000000000100000011000000001000000000010000000100010100100010100100010000000000001110000000010000000100010001100000000000010101000000
0010000000000000101100001100000100100010011000101000000000010001000110000101000000100100011011000100000000110100100000010110000000000001000001010000000100110000000100010000000001001000000010000000001110000011001000010011001000100000000000000001000000000101
0010000101000011000000100001000010000000000100000011010000110000000001000000000000001000000000000000100001010100100000100010000000010000000000000100001000001000000000000000000000110000000010000001000000001000000000000000000000000000000000000000000100000000
0000000000010000000000010000001000000000000110000000000000000000000000000000000000000000000000000000101000000000011000000000000000100000000000000000000011000000000000000100000000000000000000000100000010100011000100000000100000000010000000000000000000000001
0000000000000000000000010000000000000010000100000000001000000000100000000000100000000000000000000000000000000000000000000000000000000100010001000001001000010100000000000001000100000000000101010000000000000000000000000100100000000000000001000000000000010000
0000000010000100000000000010010000000000000000000000000000000000000000000000000000000000010000000000000000000000000000000000000100010000001000000000000001000000010000000000000000000000000000100010000000010001000010000000100000000000000000000000000000000000
0110010101110111001101010000111101011111010011001111110100111110101100001101011011101111110111110001110111110111011001010001101001110011111111101101000110011110101111010111010111101111000111001100010000111001011110101000111111011011101011000010011111011111
1011001100011011111100111101110110100111100110100111110111100111111010000000010111001000010101011111101110010111101100011010111101001111000000110111011011111010000001110110101111011101011101011010110011001000010011111111111010100010101111101011111111111111
1101100010111001111000010110111010101110110111010100111011010011110000011000110011001001100100110011101101001111110101111001011011010111011111111111011111111011111101011001011111110110011110011100111111001010110101001101111110110111001111110111110001000111
0111001001011111111001111011011111110101111111111111011101111011100011101000011001101011111011011101101001010110101100001111110111101000101110111010111110010011111110111111001010011000111110100101000110011011000110001110010111011111011110111011110001010100
1111101010001110110111011111011111111110111000111110111100110111011011111010111111011011000001110001101010111000010111010101111101110011011111110000111101111101111010011110100111111101110100111010100011001100000111110101101111110111101100011101101110111001
0111011100111110111101111111111111011010010110001111011111101001011110011010101111111110111011110001101111110110101100111101101110001111010111011101111111110111101111111111111011110101111111010100111111111111101101010101011100111010001011011111001101001110
1101111001101111000011111001110101111111110011101101011001011010111101011111101111111001110110101011101011110110110010111011111100111110011101110111001111011111010111111111100101111001111111110110110111101101011101111111010111110111011101100111111101011101
0111110101010101111111011110101011111111011101000110110110111101110100010111111110101011100001101110101101101110111111000010111101011011010111110111111101011011010111110111111011100010010111111010111110011011101100001101101100000001011101110111101110100100
0110111010001111110000111111111111101110111101010111111111111111111111011110100001111111011011111101110111110111101001111111110011111101100001111100111110101100111111110011001011111111110111101100111101011011101111111111101111111111111111101100111110011110
0101000110010111011001111111111110111111101111101100111010111111111101010101111100111110100111110001001111100001111111101001111101110101111011010001000011011101110001011010000011111100111011100101001111111010110011111110011100001110101101011111011010110010
0101111011001011111111011110110010110111011111110011111111110110111111011101011001111111101111111001111110101011011011111111001001111011110010011111110010111101111111110101010110001101111110110111101111101101111100111111110101111011111011010111101101001101
0011111111111011111101001111101101011001101101110010100000110101011111110111110011111001011100001010111111111101111110111101111111011010000111111101001111011001111011111111011101010001101011010111001001011010111011111110111100110101010100111001100101100100
0110001101111111011010101111010111011101111110111110100001001100000111101011111111111111010111010010110101101111000101110011111110101111111110111001101101101111111110100010101101011101011011111011110111010100110100111011011101110110101110010110110110111011
0001111001111110001011111111111111011101011101001101011101000011000101101110111000111110101101011011101101101111110011111101011111010101111100101011111111111111011111011110111110111111111111101011111110011111110011110111100111110111111111111110001111110111
0101001111001101111111111011111111000111111100111110011011110111111100110010111010111111111111111101111011111110111011111001111111000111110101011011111001101101001000011010010101010000110111001000111110111111001011111010111110101101111111101011111111111111
1001111110011001111110101101100001101011111111110111001111110100001001111111111111011111110111111111100011110011100111110011111101111011111111010111111111111110111111110111111011110101101001001011111111110110101100110111010111111111001101111011001110110010
0110011010111100011011101100111111101101111011100101110110111111101010111100011110100010111110101111011101101101111111011110101011101100100111111101111011010110100111111101101010101110111010110111011100001111101110100001100111111000000110110111001111011101
1110011111111010111100100010111111011101010001110111011010111111111001101001101111111001110010111110100110011111111110101111111010000011011110110011110111111111100111111010001111101111010110101111111110101101100101011111101100111011111111110011111110011101
0000111101110111001111010100110101111110111101110001111111110011101111111110100011111111111101011100111111110111110110101111010101111111010011101101010011110011001111101011011001111111101011111111111111001011110110111101111101101110111101111001101101111001
1010010111010100101001001110110011111101011110111111011011101111010111100101001111010100011100011101111100011101111111011011111111011010111111001100111011011101100101111010011011111011111111101111010111110110111111000010001101111100011101011000111101111011
1100110011110011111111011011111101011101011010111111100011111011011101111111010101011101101110111111100010001111010001101111011100111111111010111010011101111011010011110110110110011111011111010010111111101111111100110111111101111001111111100001110011110111
1000101000111100110100111011001011001000101111111010111011100100011111111111100111100111111111101001011110010111011111110011101011100011110101010101101000011110111100111111010001110101110111011001101101111000111001011111011110111111100111111110101110111001
1110001111111111011011111101010111111110110010110111001111111011100101111000111011011000111001111100000110111111011011110111111111011111110011001100111111110001111101101101011101111011111110011100000110110101101110101110100011010111111111111010110011111111
0101111110110111110111111011011011100111111101110100101111001111101111111101111101111111011111100010110011100110110100010101011111010001111011111011111101011011010111111101101111111011111111111110100101111111110111111111111010111111111101101111111111101010
0101000110110000111100010101110100011011001001111001011100001111111110111010111000001101000011110000100010111110010011001010001011111110101111011111110000100111111100001001101101000111000001001111110001001101101100101110110111111100001111010101110110100101
1011011101011110110011100101101100110111011110111010100010111010100101111101011100000101010011011111111001101101110011111111011101000110111010001001011111110111100101011110111111011111011000010011001010100101111011110100010000100110100101011011110001100111
0111111110011001110111100100011111010011111111000011000011101010001000111011001011111011111110001111010111100011010101110111011111001011100100100111001011011111100110110010011110111110101110001111100110010011110011101100000011011110101111111111110001100000
1111111100111011001010001101000111111111100001111011101000111111110111011011001011100110111111101111011101111111011000101101110110111111100101011110111101001001101101111101111000110110011001110001101111111011110011010100100111011001010110010100101110111100
1001111111111110110111111110010010010011100111000011011111111111110011000111101110100010001110011001011001001010111110111111111001110111110101000111111010110000100011100000010101000101100001111110011111110011101111111111101111110100100011111111011001001111
0011111110111111010011110011011101000011101000110001011101000101100100111101000111101011001001101011011101111111110001111110111011011011111111100111111110011010010111111100011111011110000110011111111101001110001101101011101000010110100110011101101000111001
1101101100110111110111111111010100011011100110111011100111000011101011011110011101001000111011001011010100011101110100010000110111101010011101111010011010101010001111111110011111110111100111010000101101110111001110111001100000011011110101010100111000101111
1001001110010101110111101111111111000011011100111011110111011101111001011100000101111101101111111011010101100111111111000011110111100011111101101011100101011111001111011110010101111101100100110111010111101011011100101111111100111001111000110101101110011010
0101111111110101110101110111011111011111111111111010100000101111111111111111011101111111110111101111111101111111110101011101111011111101111111101011011010111011011101101101111111111101111011011101011111011110011111111111010011111111111111101011111111111111
0111010110111111110111111110110111101111100101100101100111111101101101101100101101111110111111110110011011100011111111101001101111101011001101011110111111101101111111001100110111111110011111111111111111110110010001111111111111111101100111011111110111110111
0111111010111110010101111111000111011111110101110001111111001100100100011101001111111111111111111111111011100111111101101011101111011111111100111011111011111110011111111011111001111101111110111110110011111110011111010111110111100011111110011110111101011111
1111111111111101111111111110101100011111111111011111111111101110111011110011111111110111101110111111111111011111011111111011111011110100111110011111100011111111111111110110101101111101111100101011111111111101111101111110010001111111011101100111110000110010
0011110111101111100110111100011111111101111000100101111111101111110011111110110000111011111010111101111110111111111111111110011111011111111011111000111101110111111011101111110011101111011111110011010101111010011111110101111110101111101110110110100111010011
0101111111111101011111110111101011101110011111111011010110101111111111111111111011111111100111101101110110111111110111100000001110111101111011011111110111101010101110011111110001000111101111001110111111111110101001100011001111101111100010011011101100011111
1101110110010111011111101001111111101001111110011101111101111111111111010111111101001111111001111111111101111110101111111101111111011111110110111010111111111100111101111111111101100000001111011110010101110001111011011011110101100011111101111101101111111111
1100111001110111110101100110011111111111111111011110011011010011111111100010111001011111111101110111011011011111111110111111111010101001111001110110011011100111111110010111111111111101101011111110111101111111110011110110111100101101010111111111111011110110
0000000000000000000000000000000000000000000000000000000000000000000000000000000000000000000000000000000000000000000000000000000000000000000000000000000000000000000000000000000000000000000000000000000000000000000000000000000000000000000000000000000000000000
0000000000000000000000000000000000000000000000000000000000000000000000000000000000000000000000000000000000000000000000000000000000000000000000000000000000000000000000000000000000000000000000000000000000000000000000000000000000000000000000000000000000000000
0000000000000000000000000000000000000000000000000000000000000000000000000000000000000000000000000000000000000000000000000000000000000000000000000000000000000000000000000000000000000000000000000000000000000000000000000000000000000000000000000000000000000000
0000000000000000000000000000000000000000000000000000000000000000000000000000000000000000000000000000000000000000000000000000000000000000000000000000000000000000000000000000000000000000000000000000000000000000000000000000000000000000000000000000000000000000
0110110111111110110111100011110110111011011101011101110111111111111110011101111010110111000111011111101011110110011001111011011000110100110111011100011110111101111111011110110001111011001011000111110011110101100111010001101110100100110001101111000110010010
0100010011101111110111011111011111100111101111010111000111111101010101110101101101111000110001111111011001111101111100111010111110000111110000100111100101011101111111110110000101011111010001001010100111001010010111101010011111111100001100111111111010101101
1101011011110001001101101101110111111001111111010100100111110111101111110101101101110001001111010010110000111111100110111110011110011001110001100111011101110101111001111101010001101111111111011001111110011001110111101001101110111101101111111101010011111010
0111101101010100111111011101001010101010111011111010111010100011011100010001111000101010001101111001000010111111110111001011001110010110100010100011011011011101011111101000001111001010010111010110110111000100000111101011101111110001001010101111010100011110
0100110101001001111011111010111110110111111101111111111111101100100111111110110011011101110111111010101100011001110111101111111110011101111011110110111111111101110101011111001001010101111111111101110111111110011011111111100111101111110111110111110011100110
0011111110011011111011011000110110110111111111101011111011111111011110001111111111000111011111111001101110111110011101111111101010111111101110101111101011010101110110111111010101101111111101110111111111101010101111110011001111111011011111100111111101101100
1111111011111111111101101101111101111111110110101111111101111111011111100110111011011011110111111111111101111111011011111101011110110110111111110111110100111100011111011111111111010111111101101100110111011101111111101101011100101111101111111111111111100011
1101111111101101101011011100011101101000110110000111101011111110101110101111101110100111011100101111011100110110111011110011111111011101111110011111111000011111101011111101111111011110111111111011111011011111011010101111011010001110111110011011110110011111
1111111110011111011111111111110111001011111000111110111111111010110010110111111110111100111001110111101110111101011111111101101111000110111111111010101111101011011110111011111111011011110111011101110100111011111011111111101111011011110111100111111100011110
1110111110011101111110011110111011111111010111110111010001101111011111111111110111010000010111110111111111111111111101100101111011111111111100111111001101101111100110011111111110011101111011011111111101111110111100100101111011111010100111011101111101010100
1111111101111101011101111111111011100100110111111011000111011100111110011100011001101011110111111111111110011110111011011000111101110111011110101000111011100111101011110011101110111111011011111111111110011111111111011101111110111100101011101111110110101111
1110111000001100111111101111010011011001111111101111111111111100111111111101011111111100111001111111101111111100111111011111011001011010110101111110111111111101111101111101111111110111101111100111111011111011111001101101111001111011111111011011111001010101
1011110111101111011111111111011111111111111111101111011110101111110000111110110111111111101111110110101111111001111111100011010101111010111111111011101111111000101101010011101111110111111111101101111101101111111110101111111010011111101011011101111111110111
0100011011101111101110111111101111111101010011111000110111010011110110111101011101111001011110111111111101101010100011110111110010001110111111111111001111111011111111110110011111111101011101111110101111111111111101110110110111110111111111111111010110101011
1010001111100011110011111011110111011111111110110111110111111001111111101101111101110110111011111100111110011011011111011111100111011110111101110011010101100101110110011111111111111101101011101011111011111111111111011111101111100101101111111111111111111111
1111111001100101111011100111111111111111111111101001111001111011111111111001011111011111101010001101111101011110111011101111111010111111111111001001001011110101101111111001110101111111111011100111110111111110111111101111011011011111001100101111111111111111
0111011000100000100111110111111110110011011110011111111101001111111111110100110111001110110101111111110111011010001110011111110101010110010111011101110111011111111111011101111111101111110011110110111111010111111111111010111101010101111111111011111111101011
0101111111111011111111111010011101110011111101111111111100111000111101111110101111101111111111110111110011111110011110111111110010111101111111101110111110101101100001011110111101110111011011101111101111111010011111011110011101110111001111111110011111001111
1111111101111011011010111011111011101001111101111000111111111111110111111111111110111111011010110111101110111111010111111111101011011110101010010111111111110111110111111011111111111111101000011111110110111101111011110110101100111110111110101111111111110111
0111111101110111101011110011111110111011111001111000111011111111111010111011011111111101100110011101000110111111110111110110110011111010110011111111111110101010111110101011110101101111111110111111010111111010111110110010111111101001111111111111111111111111
0001111111100111011010111111011111101001011100101111111111011011111010111110011111111111110111110101011111101101111011111111111111111100101111001001011111101111111111111001111111111111111111001111011111111111111110101001110111111101010101101110111011101100
1111101111011110110101111111111111011111111101010111011111101111111110111101110111111111111111110111001101111111111111111011110111100111111011011101101110111111111001101111100111101111111111110111100111101111110011000111111011101110111111110011111010001101
1111110111101101101111111111100101111111101100111111111101111111111110111101111111111111110101110111101011111111111111111111111001101111011111010100011110110111111101010111111110101111111111011111111111111111111111111100001101111101010011111110011111101011
1011111111110011111111110111111110111110110111011010111001011101111100011010111100110111111110111110101111111001111101111101101101011111101011100101111111011111111011001010111111111111111111100111011111011010001110111111011111111101111111111011100010110111
1101000101110011011011100111111110111101110101011110011111101101111110101110111110011111111001011110111001111011010111101110111111100111101110011001110011111111010111111111111110011111111111110011111111101001101100110111110011111101111001010001101111100011
1011101111111111111100111101111111101111011101111101101111111111011111110111111111111011111111011010101111010011111001011101111101011101111111011011011111100111101111011011001101010111110101111011011111100100111001110011110100111101111011001100111111111100
1111110110101111011111011001111000101110111111111111001111101110111111101010011011111111011111111001011101111101011000111111111101110101111111111110110111001101101111101111110011111111001111101011111111111101111111011001111110001001111001011110011111111011
1110111111011011111111011111101010110011101111111111110101010111110010101100111111111111001101111110011111111111111111100110111101111011111111010111001110101101101111101111101011111111000101111110111100001100100111111110111101011011101111110011101010111011
1111110110111101110111100011111110101101001111100111011011111001101011100100011110010111111111111100100111111111110110011001001111010110101110011111111100011111000110101111011101111000101101111101101111111111001011101111111011110110110010011001111111011111
1110001111001010110111111110001010011110101010110100100110111000111110111011110110011101111111111000101000101111111011100111111111110010110011010111111111010111111001111100111110001110100000111011111111101101110100110010111011110111100111010111010011111100
0111110110111100111001111010110010111010011111100111010111010111101111100111110101110110111101101111110111111111111101011011111001001111101100111111111101110110011100111101111111111110111110110011111111111000111101010010100110010110011110010001000111110111
0100011010110010111101111110101100010111111111011111110001011101100110101101111011101110100111101101011111111111001001001011111011010111011111111101011111011110111111111110111111011011111011100110110110111110100101110111011110001111110111111111101001111111
1010100110100010111011001100101111001100010100101101111110011001110111110111111010011111111111100110111011100110110101111100101010010111111101101001100011000111101111111111011111111110100010110011011111101001110111001011111011111111000010011101111101010111
1110101110111101011111110111010010100101111101011111011100111000101110100010110011110111001001100011111100111011110101100100101101101010011111011100111111101010111011111111110111101001000111010011111011101101111011001111011011011111110101001011101100010101
0111000111011111100101000010110111000101001111100001011111111101101101111010011111011101110010111111000111001001100001111110011011000001111110111011110101001001101101001001111101011101110011111011110110111101111101111111001101111011111000010010101111111100
1100000110100110101111111101101111110101100100001100111100101011101000011010100100001110110111111111100100101000101001000001011011110111110101011110111011100111011110110101110111010101111001101110110101111000111011000101011011101011010111111101111101110010
0111111011011101110110100101001111100011001101011010111111111101111111111111111111111110111101111110111111101011100111011011111111111011100111110111111101010001101111111101111111110110110111011011111110110111111101111111111111001101111111010001110011111111
0101111111101101111111111101111111111011111110101101100010110001001010111111111011111110111110111111111111010110111100111001111111111011111011101110111111110111111111110011110011111101011111111011001110011111101011101110111110111111111011111111111110011111
0010111111111111111100000010011111011110001111111111111111011110111111011010101111010110100011111111110110111101101111111101110111011111110111101111011111111101111101100111011110010111111111111111111101011111101001101101111111111111111100101111110111001011
0111100111001111101110101110001100101111111011010111001101011111111110111110111101110001111101110111111111101011011111111110110111010111110111101111111010111110111001101011111100111000011101011111111111111001111010111111101101111111011011110101101011111111
1110100101111010111111111111110111111001011111111111101100110111101111011111000111011000111110011101101111101101111111111111110111111111111011110011001110100011011101111011010011011111001110110110101101110101111011111111011111110110011111010011011111111001
0111111101110101111101101110111011111110001001001111111101111111101111111111111101111111111111111000011011111110011111111110111111110111111111011111101111011011010000111000111110111111111100100011101011000110110110110010111000110101111111111111011101111101
0111110111110000111111011011111011011100101111111011010110111001110010101110001111011111101101111101011111111010011010111011111100111111110111110101101111101110111011110100010001111110111111001111010010111100011101101111110111011101110111011101110110111111
1110111110100101111111111011100001011111000011101101111110111111111111001110111010011111111111101111111111110111111111101101110001110110001110101110011111011111111110001111111111111111101010111111111110111011111111111111111011101111111011110010111010011011
0110100011111101111111111111011011110011101111111111111111111111111111111111111111111111110111111011111111010111011111100011111101111100010100111101100011001001011010101111111010001001101101001110001111101110110001111110011110111111001010100101111101111111
0111011001110111100011110111111001111111111101111111011111110101011111111101110111101101010100111111111010011100011011011111011111011100101111110110000111110001001010110011100111110111111111111100111101111101111110111001111111111111111010111010111010110111
0010110010010100101011111110101110111111111101011101101011011010111101111110011110111101111100000101011101111010111110111101111111111110001111011111111111101101111011110111110101010111011111111011100111111111011111110101111111111110111100111111111110110111
0101111001110111110100111101101111111111111011111110111010111101001110111111011111011011111001111111100110110100111111111101111110110011000110111111111110111110101001001001110111100110001100011011111110101110101111001111010011011011110000011011011110110111
1110110110111010011111101111111111110101111011111011101111111111110111011111011110111111110101011110111111111011001111111111111110011101011111101111110101111111100101101110111111010010111110111111110111110100111111110111111110111011111111100111011111111110
0111011111011111011101111111111111110111111111111111111001110111110110011110110011111111110110010101110111101110110111111101011111101111111101111101001111110110111000111011111101110111111101011101111011010010111101111001111110011111111011111001101011111101
0111101111010111000111110111101110111101101111111111101101101111010110011100111111110111111101111111111111111011111111001111111111101111111110011111111001101011011001001110111011101111101111101100101111111110010111111110100111010111101111111111111010110101
0101010011100010010110101000010111001001011100000011110100011011001101011111000010111111111100001010100001000111000001000111100101001110111110000101110011101111101011001000001011110101010110111011000111100101110000111001101011001000100011001111110110000101
1000011010100100010100111011011011010111011110110010011111101000000100011000110111100101101111011101000001001010100010011101011001010011000000111000110110111000011011111101110100011000101011000011010011110101110110000010001001111000100101110110011001111111
0010111001011010001100101000101010110111101111101111101011111010111111010111101111101000000001101111111101000011101100110111111110110011100011110110000100111010000000101011001111110010001110110101110110001100111111100110010011010101101111101101101000100011
1101011101111001111010011111110101110000000001001110000001111001011111111010100101100011001100111111110111010011101000100100111010101001000110100010100000001110111010000110001011001110111011101001000101011000111101000111100111101100110001000011101000100010
1111001110010000001001001110000000000100011110000001101011000111011111011011000011001111110011110011101100111101010111010010011110011010011001101011110101110101000011011011100110011000101100100110010100111110001101010110000000101010001001011010101000111010
0000110000110110010101001000010000001111100111010000000100001100100101110100011101110100000101100100111100111111010111101010100100100100100100011001011000010010101011111100110101000001000000111001001111011001000110001100100101101001100000100100001110101110
0001000010101011010001000010110100101001000000100000000000110000000100011000000000101000100000001001100000000000010000001001010011000001010010001100000000000001101000010011111000100011000010001011001000010000000100110111000000001011000000000010000010100001
0000000000000010000000000000010000001100000010000001001000010000010100001010010010100000110000011101100100100000010001000110010000100000000000001101101000000100000100000000100010011001010110000000101100001001000010000000110001010100000001000000010001000001
1011101001000010100001000010110000010000100010101101101000001011100000011000000100001100000000000010000100110001101011000000011000000001001000100001000000000010000100001001000100010001010011010000010000101100100100000110100010011001000000010000001000101001
0110000010011001000000000000000000000100000100000000000010000101100000010001000000101000001001100101010000000010000000010000000000100000000010010000000011010110000000000000000110000011001000011100000100000000000100100010000000110000001000011000000000000000
0010001010001000000001010010000010000000010000100010000000000011100000001000100000010000000000000010000000100101001100000000010010000010001010010111100000000000010000110000100101100101001000001000000001000101000010101110101011110000000001100110000000000100
1000001100000101010000001011010110000000000000100100000100100101000000000010000001010000010100001000010001000001000000110000110001001100110000110000000011010010000101000000100011000000010100000000001000010011000000011001000010101110000101101000001111000011
0100001100010001000010100010010100000010010100001000000100010010100000101010000000100000010000000100010001000010000100000111010000000011000001000001000000000000000000000000000000100000000000000000000000000000000000100000100000000000000000000000101100001000
0000000000001000000000000000000000000000000000000000000000100100000000001000000000000000000000000010000000010000010000000011000000010000000000001000010100000000000000000000000000001000000000010000100000000000000000001001000001000100000010010000000000101000
1000000000000000000000000000010000000010000000000000000000000000000000100000000001000000000000000000000000000000000000000000000000000000000000000010001100000000000001000000000000001000000000000000100000101000000000100010000000000000010000000000000000000000
0000110000001000000010000000100000000000001000001000000000000000000010000000100000000000000000000000000000000000000000000000000010000000000000000000000010000110000000000001000010000100000100011000000100010000100000000001000010000010000000000100000000000000
0000001000000000000000000000000000010000000000000000000000000000000000000000000000100000000000000000000010000000000000000000000000000000000000000000000000000000000000000000000000010001000000000000000000000000000000000000000000000000000100000000000000000000
0100000011011010001100011101110101101111101110010100110100010111011111010010110111110011001101101010101101001100010011011111010111011110111000101100110111101011111101011011100010101011001010111101000010111001010111011100110110110011111111111101001111110100
1001101010001000100101111111111111111110000101011010011000101011101011011111011110001111011001111100111101000111110101011110110011110000001111110111101010111001101111111111011101111110011111111101111111110001111111101100110110010010111010101110111111111111
0111100111110111101110011110111011011111100100010000100010100111110111011001101110011101011110111011111101011001001101101000111111010001100010101010010101001101011011110101110110111111111001110111100000000001011111110100100111001001101001010011111111111000
1100110010011110100111111011010111111111000001010111011010110011101111000001001111011111111110101101011111100000110111111111011111010001111110101111110101101010111011110011001111001101101011111111111001111111111011101000001011101010111000001001011101101111
1011010101010111111110101111111111010111011010100101111011110110111101111110111111001111111111110111111001111111011110001011111010111010100100111111111111001110101000101111100111111011110100111010100011011111001001011001010010010011010011111110001111101101
0101111111111011011001111111111111011100111010111011000110111110111100101011011000011010011110111010000000111011101011101111001101111100010011111110111101111011111101101010101111101010100111101011011111110111111010010011011101110111111110101111110101111011
0010110101010110011111101110111101001100101011110101011010111010011110011111111101001101101010101001101111111111111101010101111111100000001011111101110101111111010010001111011100010110110111011111101101110111110111101110010101001011111011010111110110111101
1001101111010011111111111110111111011101110111111111110010111011000111011111111111100111001100010111001011111111101001001111011110011011010110001110110111010111011001101010101101101101111101111001011111111110110111011110011011100101111111100101100011001101
0111111111110111111100101101111110010111011101011111110111110110100011011000111011011101110001111111111101111111001111010101110001001111100111010111111101011111000101010111101110111110111110011010011111111001001111101110100101000011000011010011011111111001
1100101010001111101001101101101011111101111110110011010110011011100011110111110011000111100101111101110101110111110011101111110101111011111111111011101000111011111111001111000111111111010111111110110111101111011000111111101110001101011110010111011111110110
1001110011111100010111010000101011011011011111111011101111011010100011111101011111101110011010110010001100111011111011110111111011111101101101101110011111011110110001111111111011111110111101110111011101011000111110001101100110111111011110011011110110011011
0110111110001111111101111111100111110100111000011000010111111111111011111111001011111111011100111101011000000101111111110100011011110110010111111110111101000011111111110111110101110111101001110111110110110101111111011111101101001011110101001010101010001111
0000111110101011011011111111101000111010111111111111111101111010100101111101111110111011111001111101010111001100110110001000101010101100110111111111111000001111001111000010110010010111101011111110011000110001101111110000100111110111111110110111001110111001
1111111111011111110011011101110001111111110111000111111110111111101001110011111110111110010101101010111010110000100101100111011111101011110111111110101111111011001111111110111111111111011111100111011111101111111010110111111110101011111101000100111110111001
1101011011010110000101101101110110110011001110111110001110101011101001100001000101110111111100111001001110100110110101000111111001011111000010100011111111111011110101001101101011000100001011111010111110101111011011111101101111100101110011110010010100111111
1101011011101100111101100101111001011101001101111101011011001101111011111100111011111011101011111100110101101111110000001101111010001001101111100010100101101100100111101100111111111110001101110111101111111010110001101110100001101111110011010001011101110101
0111110111001111101111101011101011001110111111101111110001000011100100110011101100000011111100011100101010110111110010111111101111100110101011110101111010111111010011000011010011011010001101000111111100111011111111110110010111000100100111011111011001111110
0111111011101111110011011110100011110011111111111101111011111110111111000111011100111011110000100111101111111011100111101011011110001101001111001010011100111101111110001001100011111101111111011100000111110100110110011011110111111110001110111100001111101100
1100110101111110100001110101001010001111101111101001000110110111100000111010111100111101100101011010101110101111011111111111111011111110101111111100011110101010011010000011110000111010011011000111010110110011110110011111111010011010100100000100110000000010
1110100101101100101100100101010101011011110011010001101111011110111010100100100001110000000101011000111111110010010100110101001011100110000111110110010000110010111110110001000101111001111111010100000101010110010110100110111001000011000101000100111011110111
1010100110110101001011001100010001001101010110101000101111100110110000001111101001001000110100010101101100110011110101000000011101001011001001101010111110100111111011010100000101101100000000110011100110010001001110000011111001011101101111110110010011011101
0110110101010001010010100111110111001101010110100110011001111110111011011101111101000101111010000100100111000011010000010111011100011001100111110100100111000001100011111100100011011010100100111001010000000111000101110000101110001110101011110010111000000010
0100100100000101001010000000101010010110000001100010001001000111110000101111010100001010000111011011010000111000111110011010001000011001010000111001001011101100000010011011001101100010010011000100011101011001001110100110011100000001111111110010011101011000
0010000101010000011110001011000000100010001110011000010011101000100000110100100010111000011000000000010110011101011110101111011010100100100001101100001000011100001101000010000000001101010011000010111010001000000100000100100010000100111111000101100000000001
1000010000101001000001001101011101001000100000010011010000100100110101001001101100110000000010011101110011010101000001100001001100010110011011010000010010101001001001101110001001100001100000011000001001000001011110110000100111001110000001010101010001111000
1100110001101100010001000000100000010010100110000100100010111100001011101000000000100001010000100001010110101101010010001000110110110010100001101101011000010000010001100100101100001101100010010101000000101010000001010000010001010011000000000001110000000000
1100000010100011000110101001010000000101010111000101000001101100001110011000011111011100010100101000000100100001001100110000110000100000100000000100000001100000001110000000010100100001001110111000000001000001010010101101000000000001000000110100010011001000
0001000010101000001001001010000000111000011000001000110101010100001001101000101000101101000001100001000011000001010100000001101000101010000001001111010101010010010100000110010000011100001000000000000110110010001000001000000001011001010100000010110000000010
1001000100000110000000000000010010000000001000000010000100011000000000100000000000001000000010000000000100000000000100000000100000100100001000001000000000000010010110000100101101000001101000101000000011100000001001000100000000001000000100000000111000000000
0000001000011000001000000000110110000000000010000010011001000101111010001000110000001011100101000100000000000000000000000000000010000000101000000101100010010011000000000100000000100000000001000101010000100000000001001000101000000100010010100001011011010010
0010011011100010010001001010000000100000010100000000011011000000001100100001001000000000001000001100000000001000000000001000001000001000000000000000000000000000000100100000010000001000100001000000000011000100010001100000000100000001000000000000001000000001
0000000100010000001001000010001000001100000100000000011000000001000101001001001000000010000010100000101100110000100001010000011000101000000011000000000001010000000000001001000000000000010000001100100000000100000000000000000101000000100000110000000100001000
0111101111110000000111111110111110011000001111110010111110001001101111101000111101111111110011010111011000111101100110001010111011111011010010011110010111110011101011000100011111001011010111110100101111001011011111011100011011110111011101110011110101111011
0001111011110111101111100101110100111100001110001100110101111011010111110101111101100001011011010011111011011110110110011100101111111100110111111011001011110100101110111111011100111110110011111111011011111101110110111101100101101111101111111110110011010110
0111100100011101111011111111111101000100111111111111100010101111110100111001010110111101111011011111001111101111001100100000111101110110100111101001111011101011001101001111101001110101001011001100111100111110110101111111111001001000110010111000101111101100
0110001011011100111000111110001101010111101100000111110110111011100101011001100110110011101000011011110100010110111101111111111011011000011110111101111111110100101011100111111111011101110110100101111101101110001111111101110111011100001011001111111110111110
0010101011111111010111111111010011000111100011010111011001101110101111000101110111110110011011101111110111011101110000011111101110011110011111011100110100101111001110100111001110010101110000101111011000010011111110101101110101101111110010011110001101111111
1010110100000111111011110111100101111011101100011100111011111001111011000100101011111000011001111110111010101001101011011111100001100100100011101111000010010100011011100100000111000100001010100010011010000000100000010100101001000000000101000101010000000010
1001000000100110111011101100000000000000000100100101110000011001110000101000010000000010110101111010101000100100000001001000111001000100000001000101011000000000100101000011100110101000001000001001000000011010000000101001100011010000001100100100110010110011
0001010010000010010001011001101010100001011111111000000000010000111001010000010011010101111000001010010100101001001011010000001101001000000110001110000001001010000110000010010001100101000111101101110000100010001000000011100100111000011100000100010100001101
0100100000000000000000010001110010000101010110110100011000000000000000000000100000101000100010010001000000110001000001011001010110100101010010101001110001010100000110011100001000100100011111100001001011010010001011100000010110100000010000000100100011000001
0100000100010100111000010010100000100111001011010100001110000010010001100000110000100100011000101000011010111101110010010101101011011100000001110000001000100010000001001111100011000000010000000101100001101000010100000100001010001001000000101010010000111010
0100001110000000010000000100100011000011000000010000010000000100101010100101010100000011100000100001000010010000000001000000001101000000010001001011100000000101000000000000000110000000000011000001000010100000100100110100111000011001101000101110000001000010
1010000001000000010100111101001011001000011000000001001010100001000010100011100001010011000010000011001000010001001101010010000010001100001110010100001000101110011000000000010010011000100000000000011000010000000011000000001100000000001000110001000100000011
0001000001000000000010000001001100000000000100001100000000001001001011010001100001010001100010001001000000000100110100000100001001111110010100110010110010010001001011010000010010000111010101001100101010000000100001000010100000000100000000100101000001100000
0110011000000101001100000100000001100000010110000010000000100001000110100001011010101110101100010110100001010110010101001110000011010000001110100000100100000000100100000000100110000000100001010010010001001001000000110010011001000000011010000100010000000100
1000000010010111000000010011001001000001000100001001000010010011001000000000101110100011100011110110010000001100000110000100011001000001110000010100001001001010000000000110000001000000000001010000110000100101001000000011000111101000010100010100100100101000
0000111100100100100100000000001001000010100001010000000111011111010000000100010001100000001000011001101010000010100000011001010001011101000010100101011011001100001101010110110010000100010000110000011000000001000101101000000000100111000001000000010011100000
0010110100000000001000001011000000010000110111000110001110000000000001001011000010000000001100001000000000010000001110101100000100001101001000100000001001000000101000010000000000000001000000010000100000000000011100100111000110000001000000011000101010101000
0000100001011000100010000001000010110010101001000001000000001011001001000110001010010001001111100000101100010110101010111000001110000100110100110100111011100100010011000000100000000000001101101000010100010010000001111110000000000000000001100000100101010100
0100110000011111000100000000010000000100011100100000000010010000000000010000100100100000000000001000000000000100000100000000100000000000001100100000000010000000010000000100010000100001001100000000111000010000000010000100000100001000010001100010010000100000
0000001001010001000110100000000100000010010000010000000010000100110001111000000000001100000100100000010100000000000001101000000100000010000001001000000000000000100110010100101000001010100000100000000000000001000001000000000000000010010000000000000000101000
0001101010001100000010001000010000000010000000000000000001100000000000010000000000000011010000000000000100000100100010000000000000100100010000101110101100000000000010000101000001010000000010110110000000100000000000000001000000000000100000001010000000000000
0100000000000000000001000000000011000001000000000000010000001000001000000000000100000110000000000000000100000010000000000000000000000000000001010000011010000000000001000000000100000000000000000001010010000000100000001000000000100000000000000001001000000000
0011001000000000000000001000000000001001000000000000101000000000000000110000000001000000000001000000000001011000000000001010000000000000000000001000000010000000110000001000000000000000000000000001001100000001010100000001100001000000000000100001000000001000
0000000001100001000010000000000000000000100000000000000000000010000000100000000000010000000000000000000000000000000000100000000010001000000000000000000000000000101010000001010000000100010000000000001000000000000000000000000000000000000000000000000000000000
0010000000010000000000000000000000001000000000000000000001000000000000011000000011000000100000000000000000000000000000000000100100000100000000000000000000010000000000000000000000000000001000000000000000010000000000000000010000000100000010000000000001000000
1001111001000000000000000000100100010000100001000001010000000000010000100000000000000000000000000000000000001000000010001000110000000001100000000100000010000000000000000000010000001000100000000000000001000000000000000000000000000000000000000000000000000000
0000000100100000001000000000000000010000001000000000010000000000000000000010000001000000000000000000000000000000000010000001000100000000000000000000000001000000101110010000010000000000000000000000000000000000000000000001000000000000000000000000000000000100
0100000100000000000001001000000100000000000000000000000000100000000000001000010000000000000001100000000000000000000010000000010000001000000000100000000000000000001000000000000000000000000000000000001000000000000000000000000000001000000000000000000000000100
0000000000000000001000000000000000000000000000000001000010000000000000000000000000000000100000000010100000000000000000000010000000000000000000000000000100000000000000000000000001000000000000000000001000000000000100000000000000000000000000000000000000001000
0001000000000000000000000000000000010010000000000000000000000000000000000000000000000000010000100000000000000000000000000000000000100000010000000000000000000000000000000000000000001000000000000000000000000000000000000000000000010000000000000000000000000000
1000000000100000000000000000000000100000000000000000000000000100000000000000000000000000000000000000000000000000010100000000000000010100001100000000000000000000000000000001000000001000000000000000000000100000000000000100000100001000100000000010000000000000
0000000000000000000000000000000000100000000000000000010000000000100000010000000000000000000000000000000000000000000000000000000000000000000000000000010000000000000000010000000000000000001000000000000000000000010000010000000000000000000010000000000000000000
