1100000001000010010000010000000000100000000000000000100000100000000000010010001000000011000000010000100000000000000001000000001000000000000001000101001100000100000010011101010101111111011110100111010100001000000100000000000000000000000000000000011000100000
0000001000000000000001000100001100000000000000000000001000000000000000000000000000000000000000000000110000000000000000000000000010000000100000000000000001000000100000000000000000000000000010001000000000000000000000100100000010100000100000000000001000000100
0100110100011011111001111011111111111101110100111100010101101111111111110110101011011010011111010001111100111000000010110111111111111111101110100111100000111110011100111001111111010101011110011000110110111011110101110011101110011101011011100111110100111110
0001110010011011111111100111001101111111110111111100111111101001111010011001110111001111101011000100101100011111011011111010111100111101110100001111111111101001010100110111011110101011111100011101111101001110111010111111001011001011110111000111010101010011
0010111001101111111111011111011111111100111011111111101011001011111010111011110110101101111111101110110101111010111001001100111110001110101110001000111111011011111101110001000101101110010100111111100010010011011110111100010101111111101111011100001010101110
0110000001100110100011011101111101111010011000101011110011010010111001001111101010000101110111110111111110111111011011011111111110111111111101111011001011001110110111010111111110111110111111010110111110011001011011101111101001101110101110101111010011110110
0111111111111000111010100101001010010000111110110011110111001110101101000110011101010110111101110111111110101011111111111001101010111000010011001100110101011011111001111001110111110111111011011111001010110011111011111110010111111100111100011101111001111010
0000000000000000000000000000000000000000000000000000000000000000000000000000000000000000000000000000000000000000000000000000000000000000000000000000000000000000000000000000000000000000000000000000000000000000000000000000000000000000000000000000000000000010
0111111101100011001101000010011101010101111111010110101111100111111010111001110011011101111001000111111101001110111010110111111000111101111110111101111111000111010001111001011001010111101111101111000101100001110001010111000111000110010010110011111110111110
0000000000000000000000000000000000000000000000000000000000000000000000000000000000000000000000000000000000000000000000000000000000000000000000000000000000000000000000000000000000000000000000000000000000000000000000000000000000000000000000000000000000000010
0010110101111101011001111110111001001110011011101111000111110111000011110101110000111010111110111111110011111110001010101110111111101111110111111111001110110111101111011011011111110111110111110011111111101100111111110110111101101111010001111110101011100010
0000000000000000000000000000000000000000000000000000000000000000000000000000000000000000000000000000000000000000000000000000000000111111100011001101011111110001010111101101111111011111100111111011100001111111011111111011110001011011000011111110011111100110
0000000000000000000000000000000000000000000000000000000000000000000000000000000000000000000000000000000000000000000000000000000000000000000000000000000000000000000000000000000000000000000000000000000000000000000000000000000000000000000000000000000000000000
0010111011111111011110110110010011100011100100100111001111100100101111101111101000010111101110110011100000011100110010011110101000111100101110011011110111111100001011111011100101111111001111111011111110100010000101110110110011111101110100010100001011110110
0100111001100010010010011111111001001001111110111111111011101111011100111000111111000001100011100110010110001001001111000011010001111001110011101101100011010100011001111000111001101001010110101011111000000111001010111011011101111111110010101111010110010010
0110100100011010011110100110000110100001000000110111111001010000011111101100010100111011111001000010110100010010111111010111110011010001001001001000111100001111000111111000000011000010111001010001110101001100101011101011010111111111011110111011100111010010
0011100010000111110100010010111110100101110101011101110011000110111100110011010101011111001100001110111010100111110111101111001110110101001011111011000111101011110000111110010011101111110101111111111011101111111011110001000101111101100110011110001101111111
0111110001001001111101111111110111111110000110001111111110101101101111000101110011011111111001111010110010111101101010101010100101100111111011010110011101010111001111001000111011011011110110111101011011110111010110111010101001111111001111111011111111101110
0011011101110101111011001111011111111011110111111111111010011111111111100111111011110111111111111111101110111111111101111101111111101111111011110110000111001111111111011011011010101111111100111100110011011111110011111101101111111110111111111011111010101100
0101111011111011101110000010101101011001110110010110101011010101010101111010010111111110001111111101111111111101011111011111111111110011010101011011101100010100011110001011000011011101110111101101101101111101010001101111111000111101011111001111011110101110
0100011101111010010100111000011111001001111101101100111101111000111101111110011010111110110110101111011110101111101010001110110100000111111110111111010100111111111111111001011110101000010110111101101101001111011010111111011010111101111110011110100110101110
0101101111111100010101111100011111011001000011011111101101001110011101111110001111110101001011111111110110111111110100111000101000011010000111100001010000001100100010110110110011011001111111001000011110000011010101101010010111001000010000110011010011011110
0000000000000000000000000000000000000000000000000000000000000000000000000000000000000000000000000000000000000000000000000000000000000000000000000000000000000000000000000000000000000000000000000000000000000000000000000000000000000000000000000000000000000000
0000000000000000000000000000000000000000000000000000000000000000000000000000000000000000000000000000000000000000000000000000000000000000000000000000000000000000000000000000000000000000000000000000000000000000000000000000000000000000000000000000000000000000
0000011000000010000000010001010010100001000000000000000000000100000010000001101001000000000000000000000000000000000001000010000000000000100000100000000000000000100000000000010011000000000010000000001000000000000000001000000000010000000000011100010001000010
0000000000000000000000000000000000000000000000000000000000000000000000000000000000000000000000000000000000000000000000000000000001111010110110001111110110100011010011101001010111011100101100011001111011111100101101111111111110111110100011111011110000111110
0000101001110011100110011110011010110001001110010011001110101011111110111110110011100010011000001101010101011111001000100101111001110110001111101101101111110111101100110111011000000111001111101111011010111100111111100101000010010110111011001110011111100110
0000000001011010000000110010000000100100000001000000000100010000010111101000001010001001001110011000011010001011000100110001000101000000100011010000110101000010000100110110100010101000000001010001010100010101100101010111011001011100101010100011010100100010
0100000001000000010000000000000001000000010000000100000001000000011000000000000001010010000000000111000000000000000000000100001000100000011101100100000000000000000000000100000001100010010000000100000001010000010100000000000000000000011111100100000000100000
0100000001000000011100000101000001111000010000000000000000000000010000000110000000000000010000000101101001000000000000000111101001100000010000000100000001000000000000000100000001000000000000000100000000000000000000000100000001010000010000000100000001111110
0000000000000000000000000000000000000000000000000000000000000000000000000000000000000000000000000000000000000000000000000000000000000000000000000000000000000000000000000000000000000000000000000000000000000000000000000000000000000000000000000000000000000000
0110000001100000000001000100000001111110000000000100000001010000010000000101111001000000010000000101100001100000011010000110000000000000010000000100000001000000011111100100000001111100010000000000000001000000010100100000000001000000000000000100000000000000
0000000000000000000000000000000000000000000000000000000000000000000000000000000000000000000000000000000000000000000000000000000000000000000000000000000000000000000000000000000000000000000000000000000000000000000000000000000000000000000000000000000000000000
0000000000000000000000000000000000000000000000000000000000000000000000000000000000000000000000000000000000000000000000000000000000000000000000000000000000000000000000000000000000000000000000000000000000000000000000000000000000000000000000000000000000000000
0000000000000000000000000000000000000000000000000000000000000000000000000000000000000000000000000000000000000000000000000000000000000000000000000000000000000000000000000000000000000000000000000000000000000000000000000000000000000000000000000000000000000000
0000000000000000000000000000000000000000000000000000000000000000000000000000000000000000000000000000000000000000000000000000000000000000000000000000000000000000000000000000000000000000000000000000000000000000000000000000000000000000000000000000000000000000
0000000000000000000000000000000000000000000000000000000000000000000000000000000000000000000000000000000000000000000000000000000000000000000000000000000000000000000000000000000000000000000000000000000000000000000000000000000000000000000000000000000000000000
0000000000000000000000000000000000000000000000000000000000000000000000000000000000000000000000000000000000000000000000000000000000000000000000000000000000000000000000000000000000000000000000000000000000000000000000000000000000000000000000000000000000000000
0000000000000000000000000000000000000000000000000000000000000000000000000000000000000000000000000000000000000000000000000000000000000000000000000000000000000000000000000000000000000000000000000000000000000000000000000000000000000000000000000000000000000000
0000000000000000000000000000000000000000000000000000000000000000000000000000000000000000000000000000000000000000000000000000000000000000000000000000000000000000000000000000000000000000000000000000000000000000000000000000000000000000000000000000000000000000
0000000000000000000000000000000000000000000000000000000000000000000000000000000000000000000000000000000000000000000000000000000000000000000000000000000000000000000000000000000000000000000000000000000000000000000000000000000000000000000000000000000000000000
0000000000000000000000000000000000000000000000000000000000000000000000000000000000000000000000000000000000000000000000000000000000000000000000000000000000000000000000000000000000000000000000000000000000000000000000000000000000000000000000000000000000000000
0000000000000000000000000000000000000000000000000000000000000000000000000000000000000000000000000000000000000000000000000000000000000000000000000000000000000000000000000000000000000000000000000000000000000000000000000000000000000000000000000000000000000000
0000000000000000000000000000000000000000000000000000000000000000000000000000000000000000000000000000000000000000000000000000000000000000000000000000000000000000000000000000000000000000000000000000000000000000000000000000000000000000000000000000000000000000
0000000000000000000000000000000000000000000000000000000000000000000000000000000000000000000000000000000000000000000000000000000000000000000000000000000000000000000000000000000000000000000000000000000000000000000000000000000000000000000000000000000000000000
0000000000000000000000000000000000000000000000000000000000000000000000000000000000000000000000000000000000000000000000000000000000000000000000000000000000000000000000000000000000000000000000000000000000000000000000000000000000000000000000000000000000000000
0000000000000000000000000000000000000000000000000000000000000000000000000000000000000000000000000000000000000000000000000000000000000000000000000000000000000000000000000000000000000000000000000000000000000000000000000000000000000000000000000000000000000000
0000000000000000000000000000000000000000000000000000000000000000000000000000000000000000000000000000000000000000000000000000000000000000000000000000000000000000000000000000000000000000000000000000000000000000000000000000000000000000000000000000000000000000
0000000000000000000000000000000000000000000000000000000000000000000000000000000000000000000000000000000000000000000000000000000001100001011001111110000111101111001111110110100111110111100001110011101111110100111110111010111110110100101011111111100111101110
0001110011010011011010001110010100011011000111011001101111101010001111111110101111110011110011100010111000111001110001000001111001111110011111110101100011100101111101100100010011100111111110010101110110101011011100110110010011111111111111001000101011010010
0000000000000000000000000000000000000000000000000000000000000000000000000000000000000000000000000000000000000000000000000000000000000000000000000000000000000000000000000000000000000000000000000000000000000000000000000000000000000000000000000000000000000000
0000000000000000000000000000000000000000000000000000000000000000000000000000000000000000000000000000000000000000000000000000000000000000000000000000000000000000000000000000000000000000000000000000000000000000000000000000000000000000000000000000000000000000
1110010100011010000010101010000101100110001111110101010110101101111110011100000101111011001101111110111110011100000111011100110011100000000000001100011010011111111010001001111110100010111100111011001111001000110011110110111001110001000000000100101110001001
0111101101111110100010101111110010110000011011101110001110010011101111101011111111111110011111000101010000010111011010110011010111110101101001111011100101101101111101101001101110101111101110010111110101110101010000110011010001010101100100000101110001010010
0110001101100011011101010010011101111001011101111001111100111101111010111001010101111010101111110110110110100101100011100111110100110110111101111111110011101010000100011011011110110110110101000010001100000011111000000010101111000010110010100111001100101011
0011111101011011111011011101110011011001100000011011101100111111101101000101100111001110001000010110110111110001010110111010100111010001111011011111101111100100001111111000011010001110101111110100110011001101110000110100001011001110010100100100101111111010
0110100111011011001101111011111110000100010110111010011101110111111101110110111011111101111111001100111000011011101001011101010000101111111111011101100011111010001001111010011011001111010110011001101010111101110111011110101111100111111111001101001111011101
1001111100010011011111100101111101011101110111011010011110111010110010110011011101100001101000001111011111101111110110100100001110000010111101011001011111011111110010000111011111110111001111010111001011111111011011101010111101111111111011011111110011110010
0001111001110110111001110001011101111110111110111001101111100111011001111000110110111101110010111111111011111111011101011110011001010010101011111111000111001001101101100001100110111100111101101110111001011011101010111111001110111001111011110101010111100011
1011101101111111100101110001111110111011110101100011101001101110101111110000111111111011101111110101111100000000000101111000111111011001001000111110100011010111010110110010110011111011010011111111000111111110010001110011010011000011110111101111110010001110
0000000001100000011000000110000001100000011110000110000001111110010000000011000001100000011111100100000001000100011000100111000001000000000000000100000001100000010000000100010001100000011000000000000001010000011111000000000001000000010000000100000001100000
0100000001100000010000100000000001000010010000000100000001000000000010000000000001000000010000000111110000111010000000000100000001110100000000000111101001000000011111100000001001001000010000000100000001110000010110000000000001111110010000000000000001111010
0100000001000000010001000000000001000000011000000100000000000100010001000110010001100100000001000000010000000000011001000100000001000110000001100100010001000100000001100100011001000000011001000110010001000100010001000100010000000000010001100000010001000000
0000000000000000000000000000000000000000000000000000000000000000000000000000000000000000000000000000000000000000000000000000000000000000000000000000000000000000000000000000000000000000000000000000000000000000000000000000000000000000000000000000000000000000
0100000001000110011100000110010001011110011000000110000001000000010000000000000000011000011111100000000001000110000000100000111001111110011000000000000001111110000000000100000000000000011111100101110001000000000000000111110000111110001101000000000001000000
0100000001110110010000000000000001011110011000000000000001000000011000000000011001000000011010100000000000000000011000000100000001000000010000000100000000000000010000000110000001100000010000000000000001001000010000000100000000000000011111100100010001000010
0110000001111000010000000111000000000000011011100000000000000000000000000100000001000000010001000100000001000000010100000000000001000000010000000100000001000000000000000000000000000000000000000100000001100100001000000100000000000000000000000110000001100000
0100000000000000000000000110000001000000010000000000000000011100010000000110000001000000000000000111110000000000000000000110000000000000111111110100000001000100010101100110001000000000001000000000000001000000000000000000000001111110000000000000000000000000
0100010001000000011000000000011001000100010001000100010001000100010000000100010001000100010001000100010001000100000001000100000001000100010001000010000001100100010000000100000000000100010000000110010001000100011000000110010001000000010000000100000000000000
0111111001000000000000000000000001000000010000000000000001000000000000000100000001000000001000000100000001000000011010000100000000000000010000000011101001110000000000000100000001000000010110000100000001000000010000000100000000101100011110100010110000000000
0100010001000100010000000100000001000100000001000100000001000100010000000100010000000100000000000100010001000100011001001111000001000100010001000100010000000000000001000110010001000100010001000100010001000100010001000000000001000000010001000100010000000100
0111111001111110001000000100000001000000010111000111111001100000010000000000100001000000011001000100010001000010010000000000000000000000000000000000000001000000010000000000000000000000010010000100000001000000000000100000000000000000001111000100000001111100
0010110100111110000110110111110101001010111001101100110110111111111010100101100111111101110010110101011111110100110101101001100010001000101001000011110110011110111010110000001111011100111110011101100110111011111101100010111100111010001111000110110100111111
0000100100100011011111110110100111001110011000011010010110100000111100000111001100111011111110110101001111111101011001110010111111101001011101111001011110011101101100111011110110011000100111101011101100001101001010010010001001011011001110101101000111010010
0110000000000000000000000010111100000000000000000000000100000000000000000000000000000000000000000000000000000000000000000000000000000000000000000000000000000000000000000000000000000000000000000000000000000000000000000000000000000000000000000000000000000000
0010101100010011110011001100110010111001100000111111100000010011000111110011111011011110010110101101011001011001011111100110000100101100101001101111001011010010010101101111010010111001100001011111101011001111101101000101101110010111001101110111010000011110
0010110011111100000000111110100101101100111101011110000010111001111010101110110011000101010101001010011000010011000101001100001000101010100010110011111111001111101000010100111010110000011111110011000110011110001111101000011111111011111110101001011010001100
0111001010000000101001011110010110011011100111111100110111000000011000011011010100011101100000110001100001011001110101001000101101001111000111110001101110010001011010110101010111000101100001101101011100010010111101000011001010101111001111011010101011110100
0000111011101010010100001110000110001001110111100001100111000111001111100010110101110101111010100111101000111101110101111011110010101011000111011101101010010101000110001100100111101101010011010001000010101110100111001100011110110101111100111011000100110100
1001000100000001000111111001111101111101110010101010001100011110010100001110111101110001101001101110111001101100001010010011000011110011111111011110111111100000110001110000100010100110011111110100100011000100011111000010000001010001110110100110001011111010
0111010100011100010010000010101110101110100000100101100001111011110100011111100010100010111011110110110111001101110101110100001100111101011110011011110001001101000110001101001101010001111110000111011111100111111101010110111110100111011010111010101100011011
0110111110111100011101100101101011010010100001010110001111001000001000011000000101111011010110010111001111011111001011001101001000001100111001011010101110000101010101010111001101101011111111100111111101010001111100001100101110101101010111001010101110010010
0001010100001101100010010010100010111000001011111111001100011110101111001000010110001101010110100010101100011010111010011001010010100111100110010010111000000101100011111101100100011011011111100100100010100110100111110010010011010111110001101000101011110111
0110011100111100100011000100011110010011110100010101010111110111001111001011011100001100101101100100001001000000010001001001110001101010010111111011100111001101111011111111101001000101100100100111000101000000100010110011001000010011000111100011100011001110
0001001111110111001100101010111011011110010100100010011111010011100010111010011011011001111101100101011101011000111001101101101110101111110110001110111110111000011001001111010011011100110011010101111100100011010100111111100110010111001011100100111001110111
0110111100101111010111000101111011111101100011010000101101001011010111101011111111110111100010110111111011011000110101011101110111111111110101010000100010110010101011001010011101011101110101110101001111111011111101101101011111101011011010001011101001100111
0111011110110110111010010010001011110100101001011001111111000011110010110111110010001101101110000001110111111010110111100110011100011000011101110010101111110011001001011100111111000111010111011000101111111011011111011111111111000001001111011111011111100011
1111110111001000110011101100010101011101111000000110000011111110110111011100110100011100001101001101101111011111111010001110000010111111011111101111011110011100011010111111010100001011110111101010111011101001111011101111111101010111010110100001110110001110
0001010010001100000000000100011000011100110001101011100101110010100110000000001000101000101110010000000000011000000111111100100001010100100100111100001000001010001011000010100000001010000011110101001000001011000000101000000100000011001011100100111001100100
0000100000010001101101010000001100110001111000001001000100001001011000000110110111000010111000111000010001000000010001111010000100000011110001101001100100000000001110000101100011101000110100100110000110001001011000100001000000010000000000001011001001000111
0111100010100110001010000000100001111000000000000100110101001010110010100010010001100110000011001011111000101010001110011010111100010000100001001000100101010010001010010001001000001010110110001101011111001100000110001011010000001010000000010110001000001010
0011000110101000100000000100000101001010100110100100001000000101101000000000011000110001000000010000110101100010011001001110100000000000000100011011100000010000100110110110010000010101011001100010011110100110011001001010100101000001000010000000000110001110
0001000000110010010011111110010000000000111000011011001000100000001010010000101110111001001011001000000100000000101001101000001101101011010111101000001111001100010100111000000000001010011010000000010000010100010001110101000010010000100011000100001111010001
0000010000011100100010000000001010111100000000011001110011100000011011000000000001000101101000000111011010011000000000100001001000110010011000010000100010011001001100001000000001010000000000001100111011010010000110000100010000000100000001001000101100010100
0000011001000101011000000011001000100111100000000101100010101001101010100010000000100011000010010101000000000001100100001000101100000000011010001010001011010110010100001000110110110000000111000010111001011000001011100000001110010001000101100110111011111000
0001000110011100110001111000100000100001000010001010001010000110001100010100001110011001010001001100011001001010010100110100000101000000001100100000000100011011000100101100100100010001000000001001000101001000111101110110010000001100010001001010010000000010
0010111100111010010000110111010010101011010000000011101010101101000101101011100000010011000100001101010101001010000100011110000101100010101001100100100010110001110010011001011010110000011111011111001001000100001001110010011000100100011010000001110001100111
0100110000101001010000001100101001111101010010010000110101110000000001001001111100111111111001011001001001001010001110000001010110000010111101000111000111000000110001110001100111011101000101000001001010100001011001010001100001111100110101111111111100111001
0011001000100010101110011001001010010111101110010000000000001001100111111001010111011010101101011110001110000110000011110110111001110010001011100000110001111011110010010001010000011001001011110010110010011110101001100001011010110000100110100101101010111110
1110000100011011000000010011100100000011000010011010011101001101110010001010100111110110111000111110001011000100101100001101000001010011110001000100001111011000011111011000101111111001001001110010001110000011110000000100000010011000110001000111000101100010
0010100100001111000011110001000010101010010010010101101101011001000111101101101100000011010000011100011100000110000100001000010010001110111010111010010001111011101111110101011101111111111111001101111100010101100101100011110101110111010101100111001001111101
0001011110111110010011100001011000100101010010011101110100100100001011101100101001011111101010110100000011111110111100011111101110101011111011011111001001000100110111111011111101010111111111011010000101101110110001110000011001111010001001001110110001010100
1010001010111100001001100010011010000000110000001110001011111100100000011001011100100001000101010100110110011111111101110111100101101011100110110000011101000100000100110010101111001011001101111100110010010111011110111011000100111100110110111110011001011000
0011101111000010010000010101010100101110111110010010100110001000011001111011000101001000010001110110100111010011110110101000100110110101010001011101000011010001101101001010111010001101110010101001110100011101011110001010011111010010100111010001110111100110
0011001111000001111110111110000111011011000110001111111110101110001010111011011000011111001111011001011011111101101010111011011001110001110100111101001111110100100110111011001110100001011010000111010001100001110111001011010011100101100110010010111011111010
0011101100100011011110110101011000111000110111011101010011111001100101001011111001101111000101110111110000101100011010011011101000101100000110111001111001100100100111101000101101011011110111011111111000111110111111111010010110000101100110101100100100111110
0100001010111111101001111000111111101101001101011001111111001110100011111110111111011111010011010001101110111111111011110101011001011111111101011110100111110101011111111111111000010011110110000100010010110010010111111011111110001111110111011111101010101110
0110110110010111111111110101101111000100111111100100111011111100010111111110101110011000111100011100111110011001111101101110101001110110001011101011010111101001101111111111100111111001110011111011000101101110110101101101001111011111110111111111001101011010
0110000000000000010000000100000001010000010000000100100001000000010000000111100001100000010000000000000000000000010000000111000001000100010001000000010001000100010001000100010001000100010001000100010001000000010001000000010001000000010001000100000001000100
0000000001000000000000000100000001101110010000000111100001000000000000000100000000000000000000000000000001100000000000000000000001000000011101000101100001000000011001000101001001000000010000000000000001000000010000000100000000000000010000000100000001000000
0000000000000100010001100100010001000100010001000100010001000100010001100100010001000100010001000000010001000000011001000000011001000000010001000100010000000100010001000100010001000110011001000000010001000000010001000000000001000100010001000100010000000100
0100000001000000010001000100010001000100010001000100000000000110011001000100010001000100010001000100010001000100000001000100000001000110010000000100000000000110010000000100010001100110010001000100010001000100010000100100010001000100010001000100010001000100
0111010111011111101010010111101000111111111111101110011011110110110111111110100111111000101110111111100111010110000101101111111001011010010100111110101111011100111000011011101111001111011010010111000001110001011011010100010011111111110110010111111100010010
0001011111111111011100101110101110101100010101011101010101100001011111010110011111010001110101111011111111101011001111001010101001010110111011011011111101000110111111111111110001010101011001110110011011010011101001111101100101100111111100001000010001011010
0000000000000000000000000000000000000000000000000000000000000000000000000000000000000000000000000000000000000000000000000000000000100111010001110100001101111100111101010111000110101111101101111001101111110110110101001011111100111111111010111101110111000110
0000000000000000000000000000000000000000000000000000000000000000000000000000000000000000000000000000000000000000000000000000000001110100011011100010110000111011111010000001111010011101111110011100101101110111011010111100100100010000100111100110011111101110
0110110010111110110100000101101010001011010111100110011001101111101101111011001110101001110001001001111110101111011011111010011001011011011110111111001011111111010110110101110111101110111111011101111101111111111111011111011101010001010100111110101111111110
0010110111101110111000110011110011010011111101110101101101101111111111010111010110011100111111101101001101001111111111100110111000111111011110010100010101011110110111101011011110011001110111110110111111111111111000011110001111001111011111011100111011110110
0000111101100111110111000001001111100011010011000111011011010011011011101110111111111100101011100010010111111111011101110101001001111001100000001111110101101111101111111100101100101100110101111111101101010111101111011101011010111011110100111111111101111110
0000000000000000000000000000000000000000000000000000000000000000000000000000000000000000000000000000000000000000000000000000000000100101000011111001110000010111001111011001000101110011110000110001101001000000100001010011101110111111101001011100010110011110
0000000000000000000000000000000000000000000000000000000000000000000000000000000000000000000000000000000000000000000000000000000000111010011111110100110000111101111110110111101010101111011101111111101100010111011111111011110001110111000011010101011111111110
0000000000000000000000000000000000000000000000000000000000000000000000000000000000000000000000000000000000000000000000000000000001010001011010000000111011010101010010111101001111000011100010100000000000000000000000000000000000000000000000000000000000000000
0010111111011000101011101110010111111101011011111111110110000011101010111011011011100110011101011001011111000001001011111100101001000111011101100110110101111101010110111101111110110101110111011101111111011111001011011111111111111110011110111111011100110110
0001010000000000000000000000000010100000000000000000000001011110010100000000000100000010000000000000000000000000100001000000011001000011101011011111111110110101001011100101101011001000100111011101111100100110001001111001011111110111011011010010111001110010
0101011001111000011011000111001101101011101111111011001011110110101001110010111010111001100100011110101011011001110110001010101001011100100010100101011011111110111001010110001101111101010111001100000000010001111011100110100010010100111100001011011000101110
0111101101011010011101101011110110001101000000100100010111010101000111000011101101110100000101100100011010011100010110011101011000010001100111001010010010001101111010010110100001000110010001101100011011110101110001000100110111110110111101111110110011011010
0100111111111100101110011101101010111111010100010101111100011100010001110110100111111100111010111100001100001011110011111010111001100110011110111010011101111011010000111001011100111101010111011110011100011101101101100111111001101011010111101101011100101010
0101100100101101110001011011010100000101111100101001000000110110001101100111110011000001101110000110111011000101010001110100011000000000000000000000000000000000000000000000000000000000000000000000000000000000000000000000000000000000000000000000000000000000
0111100111111001111010110111111110111111111011011110111011110111111101001110111111111001100111100110110101111101011101011110111100000001001111101100110111011111111111011001001110101111111111110111011111111111110011111111010010011011000111101111101100111110
0101101010111111111110111100101110110110100011011101111100011111110011001101110111101110001011000101000010011001111101010111001111101110011100011111100110011110011001111101110101111010011001100101111111110100111111111011011111110010111011110111000110110010
0111100101000011100101110100010101110110000011010111000110110110111011101011110100110011110111110101111110101111101111100111111001011111110110010000111101100000111000101101111011100011011110011111111110111001110011101010111110111010011011101011011110110110
0101111010011111111111010100111111111010001001101101101111001011011001011110110111011011111101001111111111111001100000111111000101110100001111110111110011110100101110011110110110111111111110011110011101111000110110101111100111110000110010110011110000010110
0000000000000000000000000000000000000000000000000000000000000000000000000000000000000000000000000000000000000000000000000000000000000000000000000000000000000000000000000000000000000000000000000000000000000000000000000000000000000000000000000000000000000000
0000000000000000000000000000000000000000000000000000000000000000000000000000000000000000000000000000000000000000000000000000000000000000000000000000000000000000000000000000000000000000000000000000000000000000000000000000000000000000000000000000000000000000
0101110111010110001111011110011100011110111010100111111111011110111111001110101111011111111001001010100001110111110110101111010010101011001101000111110110101111110110000101110001111001111111110011111100101011111011111000011011010001100110110111010111111110
0000000000000000000000000000000000000000000000000000000000000000000000000000000000000000000000000000000000000000000000000000000000000000000000000000000000000000000000000000000000000000000000000000000000000000000000000000000000000000000000000000000000000010
0111111111110101111111001011110101111111011011111010101011101011010110110011111010111010111100100011110111101111111100101111111111011110110101101110011100111110001111110111111101000011010101110111111110101100110101111111011110111011111001110100100100111110
0011111011110111100111101111101111111111110100101111111011011011010101101111110001111000100011000001001100110100111110110110111110011110100110101111000110100111110101100111111101100100100111111011111000101001011011111110011001111011111111101111111111111110
0101011110100100011001111000101000111110111100101101100111101001010110001101101100101111100000010110111101001101101101111100001000010100000111111100011101110011111110000010100100110111101010111010100010000111011011001111110011000110111111110010111111111010
0001100111000111101111001111010011001111111001011111001011111110110100111101111111111011111001111011111000011111111111101111101010101111000000111111101111111011111111011111110111111110111101110111101110010111110110111101111110110110101011111011111011101110
0100101011011101111101111011101001000000001110101111111111011001100100011111010011100011101100100010111001100100011111110011111001111110001101111011110011000111111101011111110011101100111111111110110010111011100001011111111101010110011111111011011111011010
0000000000000000000000000000000000000000000000000000000000000000000000000000000000000000000000000000000000000000000000000000000000000000000000000000000000000000000000000000000000000000000000000000000000000000000000000000000000000000000000000000000000000000
0000000000000000000000000000000000000000000000000000000000000000000000000000000000000000000000000111000001100110000000000000000000000110000000000110000001011010000000000000000001101000001100000000000001111000000000000100000000000000010001100100000001000100
0100000000100000010000000100000001000110011111100100000000000000011100000111111000000000010000000100000001000000010000000111000001000000011111100000000001000000011111000100000000101000011101000100000001100000001010100100000001100000010000000100100001110000
0000000000000000000010000000000100000010000000000000000000000000100000000000000000001001001000000000000000000000010000000000010000000000000001000000000001000010000000000000000000000100000000000100000000100000000000001000001000000000000000000000000010000010
0111101101101110010101111101111100110001010110101011110111011010111111110101101111110110011101100100010111100111111101011111011011111011110101010010001111010110011110111010010100010011111110111111010101100111110111001011110101100011100111011101110001111010
0110011010001111000111001111010000101110101111010011100110101110011111011101001010110010000011100001101001011001111111100100101001000101101111111000101000010111100001011110110101111101111111011100111101111111011100010001110010010001101001111010111110101110
0001101000011101000110011111110011100101001110100000101010110100001100001100000101100111010111100001111101000000001001101101001000101111001011110111100010101101100101101101001001110001101101100001101111010110111011001110011011011101011110011011001110111010
0110110101101011111110110101100111011101111111011100110011001101010011000111101111110010011011010110110111101111001011000111111111011111100111000110110111111001111011011111111111111111011010000001111110111101101001111111110111110010100011100111110011101010
0000000000000000000000000000000000000000000000000000000000000000000000000000000000000000000000000000000000000000000000000000000000000000000000000000000000000000000000000000000000000000000000000000000000000000000000000000000000000000000000000000000000000000
0000000000000000000000000000000000000000000000000000000000000000000000000000000000000000001000000000000000000000000000000000000000000000000000000000000000000000000000000000000000000000000000000000000000000000000000000000000000000000000000000000000000000000
0000000000000000000000000000000000000000000000000000000000000000000000000000000000000000000000000000000000000000000000000000000000000000000000000000000000000000000000000000000000000000000000000000000000000000000000000000000000000000000000000000000000000000
0000000000000000000000000000000000000000000000000000000000000000000000000000000000000000000000000000000000000000000000000000000000000000000000000000000000000000000000000000000000000000000000000000000000000000000000000000000000000000000000000000000000000000
0000000000000000000000000000000000000000000000000000000000000000000000000000000000000000000000000000000000000000000000000000000000000000000000000000000000000000000000000000000000000000000000000000000000000000000000000000000000000000000000000000000000000000
0111010111011101011111011110111100011111110100101110010011101100111101001101011110000000110011100010111011101100000110011010110110001111001110011010111001101001110011110101110010011111000011000001011101111111111011101011010101000000110111101110001101111110
0101011111110111111111001001101110011010110111110111011010101011011010011011110100111110111111011100101011101110111101110110001011111111111000100111000101000010001110101110110101110101010111011001011011110110111011011111101111010101100101110111000001001010
0011101101011000111111111111000000011011001101111111110101000111111011110110111100111000110111001010100111011001110110100010111000101100101101111001111011110111000011111010110111111101111111111101101111110011001111001111110110101101101000111110111101011110
0111001111011001110100011110100101100111000100111011011110111010100010011101000011101011111001100110011010101011000110101011100010111011101101111110110111110011101101110110011111000111110001111100011110111100111110010110011000110111010111110010101111101010
0000000000000000000000000000000000000000000000000000000000000000000000000000000000000000000000000000000000000000000000000000000000000000000000000000000000000000000000000000000000000000000000000000000000000000000000000000000000000000000000000000000000000000
0000000000000000000000000000000000000000000000000000000000000000000000000000000000000000000000000000000000000000000000000000000000000000000000000000000000000000000000000000000000000000000000000000000000000000000000000000000000000000000000000000000000000000
0110111101011111011101111100101101111010111110100110101001111101111110111011101001011011111111011011110101011011111001111011101111010110111111111000011111111101010110110110011111101111111101101111101111011001011111001101111001011111110111111111101111101111
1010101001101101011111111100001001110001100001011111111101111011110101110110011011111111111001010110100110111111110001111000011110110111011100110111110000111010111101000010101111110011111100110111111101101011101000011101111110011111111110111110111111101111
1101100000110111110010101110101011111111011110101110111110011001101010011111101101001101101111101111110101011111111111000110111101111011101111110011010111101101110101111110011111111110101010111111101010110101001111110111100111011110110101011110111111011101
1111111101110110111101010011111111001110011011100110101010011100001111011101110110111111001110111110100111101011111110111111111001110011000100011111111001111111110111001011101011111111111011111100110110111011001111010100110101111111111111101011101110000110
0010101111111001111100111000110111010101101001001101100110011100100101110101111100011011100111111000101111011101100011111111111111101100111011011110110111111010011110001101110111111011110011110011111011111000110111100111011111100101110111011111000111001110
1111001011110101110010110100011100111110110110010111011111110011101010011101110001101010111111111111101111110110101011011111101100111101101001101111110111011111011101111111111001011101011110111000110001011111101110100100111011100011110101111011110110110110
1111111010110011111101100111011101111011110111110111000111111011111111101111010111010011011001101101010110111101100010111011110001011101110001101110111111111111011111010101111101111010010011111101000101111111101111110001111011010011000010111111101111100011
0011110110001001011111110111111111011101111111111101110101101111011011111111101110110111001110001000110111101111011111111111001010010001110101111011010111111110100101110101111000011111001111111100101111100110100011111111111101011011111111011111111010100110
0101101101100111111010101001100001111001101010111011011000011100100011111101111111111111101101010111011111100011111000110011111111111010111111111101100010100010101111011011101100001101100011111100010111011110010100110011111110000101011111110111111111000110
1111101111101010111000001011111111111111011010011111111101110111111101111111110101010111101101111101111111111011111111111101101110111100011111110001100011011101111111111111101101111110111100111110110011100111001110110111011111111110101011011101011011100100
1111101111011110110111111001111110111101111111011010101111101110111100011101111101101010111110110111111111110111011101100110000111111100111001101011111011101111111010111111010111111011111111101111101111111101000100101010011101011011001100101110001011111110
0111111111010110011111110110111011111110111101001011110011011101101111111011110111010011100111110111011111111111111111111111101111111111010001101101010011110110111110101101000111111110110111011011111100111010110110111111101101011111111101100011111011111100
1100010101111111110010101111101101101111111110011111000111010101111011110110111101100001111110000101111110111110000111111111110111101111111010011010001101100110111001000101011101111001111110111111111100100110111101111111110110010010111101111111111101111101
1111011100011111011011011111111101011010011001111100100110111111111100111001111000101011010011111111011101111011110111001111111101111111111111110100011111101110011011011110010011101101110001111111111111101101111111111111111101011010110111111000011110100111
1111111111001111001110110101111011101111101000011101101001111110110011110110110111110111110111111110101101111110111101111100111111101111111010011101011111110111101110110001101110101101110111101101011100101111111111110111110111111101110110101101011110100101
0111110111101000110011101011111111111011010111111111101011101111111101010110001011011101100111101100111111111111001111111111011010111000111000011011111011111111000011101111011011111010110011011101001111101101011111111111101011011111111011111101100011111110
0101100001101011110111001111111010111101111010111111101111011110101111110100010111010001101011110111011100111001011111010101101000000000000000000000000000000000000000000000000000000000000000000000000000000000000000000000000000000000000000000000000000000010
0001111001100011001110000011101000101110101000011011011101010001011111110111111000000001101000100111010111100011011110000001011000000000000000000000000000000000000000000000000000000000000000000000000000000000000000000000000000000000000000000000000000000000
0110110111010111010111011111100111101011111000011110111001001111111011011110111010110111110011111111011011110101110111011101111000000000000000000000000000000000000000000000000000000000000000000000000000000000000000000000000000000000000000000000000000000000
0000000000001000100000000000010101000000000001010000000000000000000000000000000000000000000000000000100010100000000000100000000000000011000100010000000000000010100000000000000000000000000001000000000000000000000000001000000000000000000000000000001000000010
0000000000000001000010000000000000000010000000000000000000101000000000000000000000000000000000000000000000000000000000000000000000000000000000000000000000000000000000000000000100000000000000000000001000000000010000000000000000000000001100000000000000000010
0011101110110110101100001000111101101110010101100010101001000111111111110011111011111011101011010111011011111100111111101001101000110110010111111011110110110010011110110101111000111010111111111100111001100000011011101100011111111100101101100110110101011010
0001001011010000010000000101001000001000100000000100000110000000100001100010101001000000010000011000110000100100101010000000011000000000000000000000000000000000000000000000000000000000000000000000000000000000000000000000000000000000000000000000000000000000
0101000100100011010001010000110101100010101001101001100010000101110000000101101011001010000000011000110100001000001000010001101001111111111010111111110111110010101111111010111111111101111110101100111101010010011010010011111110111011101011011111111011111110
0101001110001100111001011101111110111001011000010011100101101100100010000001110100000110101010011010100101101011101101111100110001001110101111101111011111011001000110111111011100001100110101111111100000000110110000110110100111001100100000111100110001110000
0000100000111001001100100111101000011110010111000101101111101001101101001111001001010001000100110011111110111011101101010100101100101000111101011101101110011110000110110001001111011111111110101010100111100111100111011011011111011011011110101101000000011011
0010111111100010111101110001011110011010110011010111110101101100111100011011011000111111111001100101000100111100011100001101011111110110111100010011100110111110011011100011001110010100101011000001101000111101001011000111111011100010101101101111011111011101
1111011110100111011000010010111000000110101000101111011010101110010100011100110101111100011111100000101110100001011110111110110111011100000010010111011100111011011000010010011100010011111110100011011110011000000011110011010011010111000101011001101110110010
1111110101111101011010111111011111011111011100011011000110111111111110110111011101110111101011111111111111001010001111101100101100011011011011100111111011110111111111101101101010011101010111011111001000111101111111001010000101111111001101111010111110011100
0000000000000000000000000000000000000000000000000000000000000000000000000000000000000000000000000000000000000000000000000000000000000000000000000000000000000000000000000000000000000000000000000000000000000000000000000000000000000000000000000000000000000000
0000111110000111111011111010100101111101110111001110101001110101001000101110100110101111111101010000110111100010111100111110111011110111111110111100001010000000000011011010111110111010010110110101110110101010110111110101001110011000111111101101010010010001
0011111001001100011101110110001100001111101001111010101011111110110010000101101011101000110101010101110100110111000100010111110101110101010101011011111011011101110011101010100111101111100101101011100010110101100100110110111010101101111111111111100111001110
0010000000000010000000000000000000100000000000000000000000100000000010000000000000000000100000000000010000000000001001100000000000100100000100000000000000000000000001000000000000000000000000000000000100000000000000000000000000000000000000100000000110000010
0000000000000000000000000000000000000000000000000000000000000000000000000000000000000000000000000000000000000000000000000000000000000000000000000000000000000000000000000000000000000000000000000000000000000000000000000000000000000000000000000000000000000000
0110011111110110000101100111100011101011111011010110001100101110000000000000000000000000000000000000000000000000000000000000000001110111101111100011001100010010011101000101110110111000110111110111100111111111110101111001000110111011011110111111111100111110
0000000000000000000000000000000000000000000000000000000000000000000000000000001000000000000000000000000100000000000000000000000000000000000000000000000000000000000000000000000000000000000000000000000000000000000000100000000000000000000000000000000000000010
0000000000000000000000000000000000000000000000000000000000000000000000000000000000000000000000000000000000000000000000000000000000000000000000000000000000000000000000000000000000000000000000000000000000000000000000000000000000000000000000000000000000000000
0111111010010001111110111111101111110011111101101101001101101111111011011011100011110111111010111111111111110010111111111101111111100111010111010110011110110110010100010111010110110101011111111110011110100101010101101100111100011111111111111011000101101110
0000000000000000000000000000000000000000000000000000000000000000000000000000000000000000000000000000000000000000000000000000000000000000000000000000000000000000000000000000000000000000000000000000000000000000000000000000000000000000000000000000000000000000
0000000000000000000000000000000000000000000000000000000000000000000000000000000000000000000000000000000000000000000000000000000000000000000000000000000000000000000000000000000000000000000000000000000000000000000000000000000000000000000000000000000000000010
0000000000000000000000000000000000000000000000000000000000000000000000000000000000000000000000000000000000000000000000000000000000000000000000000000000000000000000000000000000000000000000000000000000000000000000000000000000000000000000000000000000000000000
0000000000000000000000000000000000000000000000000000000000000000000000000000000000000000000000000000000000000000000000000000000000000000000000000000000000000000000000000000000000000000000000000000000000000000000000000000000000000000000000000000000000000000
0000000000000000000000000000000000000000000000000000000000000000000000000000000000000000000000000000000000000000000000000000000000000000000000000000000000000000000000000000000000000000000000000000000000000000000000000000000000000000000000000000000000000010
0011111111111101110111000101111100011000111111000000011110101110011011100111011011101100000101101101000111010111011111000111111100001111110010100010110101101101111011101111101101011101001111111011000111001110100100110010001101101110110111111010011011111010
0000000000000000000000000000000000000000000000000000000000000000000000000000000000000000000000000000000000000000000000000000000000000000000000000000000000000000000000000000000000000000000000000000000000000000000000000000000000000000000000000000000000000000
0000000000000000000000000000000000000000000000000000000000000000000000000000000000000000000000000000000000000000000000000000000000000000000000000000000000000000000000000000000000000000000000000000000000000000000000000000000000000000000000000000000000000000
0000000000100000000000000000000000000000000000000000000000000010000000000100000000000000000000000000000000000000000000000000000000000000000000000000000000000000000000000000000000000000000000000000000000000000000000000000000000000000000000000000000000000010
0101110101111111111011011011011011111111110110101100010111100110010110111111111010110101001000001001110011011000111011001000011001000111011100011100111010001011000111111110111101110101001011100000000000000000000000000000000000000000000000000000000000000000
0001100001000010011010011100011001100101111011001100001101000111100100101011111001011011010011000001101111111011111001101100010101010111101101111111000010011000100101011110100101111010101100101101000011111100100001111010110111000001110101011110110010101101
0101010011101110010001101111100000111110001101111111100011100111010001110110010001111110011001100100110011110101001111000111110001001100111111110110110110110100111010110100111000011010000111111110010101110011010111011000000101001011110100001010001000010110
0011010011000000001110011100100101110111111110111000001001110000101010000010100101101100110011100001001101010001001001001001111100111000100010101100111110101001111110100110111001011111111000100110110111101001011010011111101111001001011111111110110011001110
0111010001011000111000101010100100111111101101111001110010111011000110011001110011101011101011000101001000110000000100110011111110011001001111110111111011011011110000001000101111011111011111111010101100100111011101011011001011110100010101111101001101110010
0000000000000000000000000000000000000000000000000000000000000000000000000000000000000000000000000000000000000000000000000000000000000000000000000000000000000000000000000000000000000000000000000000000000000000000000000000000000000000000000000000000000000000
0000000000000000000000000000000000000000000000000000000000000000000000000000000000000000000000000000000000000000000000000000000000000000000000000000000000000000000000000000000000000000000000000000000000000000000000000000000000000000000000000000000000000000
0000000000000000000000000000000000000000000000000000000000000000000000000000000000000000000000000000000000000000000000000000000000000000000000000000000000000000000000000000000000000000000000000000000000000000000000000000000000000000000000000000000000000000
0000000000000000000000000000000000000000000000000000000000000000000000000000000000000000000000000000000000000000000000000000000000000000000000000000000000000000000000000000000000000000000000000000000000000000000000000000000000000000000000000000000000000000
0011111101111011111000111011101001101101111010101111010111110111111100111011111001101001111011010011111110111110110111110011001110101101111001000101110011111101110101010101100011111110111111011010111110111111111010100101111011110110101110110100111101111010
0000000000000000000000000000000000000000000000000000000000000000000000000000000000000000000000000000000000000000000000000000000000000000000000000000000000000000000000000000000000000000000000000000000000000000000000000000000000000000000000000000000000000000
0001101000011110110101001011110011000001011010011000110111100111110110111111000101110110001111011001101111101111111110011101101101010000110000101110110001101100110011001000011101111110101101101000110000000101101111100111010101011101100111110111011111111010
0000000000000000000000000000000000000000000000000000000000000000000000000000000000000000000000000000000000000000000000000000000000000000000000000000000000000000000000000000000000000000000000000000000000000000000000000000000000000000000000000000000000000000
0100010000000000110100000001001010001000010001000000000000010010000000011000000110001010000100010000010100000000000010010000110001101001000000000010000000000000010001000000000000010000000000000001100000100000000100010000000000001000100000000000100000100000
0000011000000000000000000000000101000000000001000000000000000000000000000000000000010000010100000000000000100000000100000000000000010000000010000101100000000000001110000000000011010100000001101010000100100000000000100001110000000000001100001010010000001000
0010010010000101000000000000001001001000000000000000111000000100000000000000001001000100001000000000000001000000000000000000000000100000000000111000001000001101100000100000000000000010010100101110000000010000000000010010001100000110110011000000011001000000
0000010000000001100001010000001000001001000000100001100001000001110000010000000100000000001000001000000010010100000010000000001000011101100000000000000010100000001000000111000000101001000000001000000000100000000000010010000000000000000100000101000000100010
0000000000000000000000000000000000000000000000000000000000000000000000000000000000000000000000000000000000000000000000000000000000000000000000000000000000000000000000000000000000000000000000000000000000000000000000000000000000000000000000000000000000000000
0000000000000000000000000000000000000000000000000000000000000000000000000000000000000000000000000000000000000000000000000000000000000000000000000000000000000000000000000000000000000000000000000000000000000000000000000000000000000000000000000000000000000000
0000000000000000000000000000000000000000000000000000000000000000000000000000000000000000000000000000000000000000000000000000000000000000000000000000000000000000000000000000000000000000000000000000000000000000000000000000000000000000000000000000000000000000
0000000000000000000000000000000000000000000000000000000000000000000000000000000000000000000000000000000000000000000000000000000000000000000000000000000000000000000000000000000000000000000000000000000000000000000000000000000000000000000000000000000000000000
0100000001000000010000000100000001000000001000000100000001100000010000000100000001110100000000000100000000000000010000000111111001000110010001000100000000000100010000000100010000000100010001000100010001000100010000000100010001000110010000000100010001000100
0000000001000100000001000100010001000100010001100000010001000000010001100000010001000000010001000000000001000100010001000100010001110100010010100110000001001000010000000000000001010000010010100100000001000000011111000100000001000000011100100111110000101100
0100010001000110010001000100010001100100010000000000010001000100000001000100010000000100010000000100010001000100010001000100010001100000010000000110000001000000000000000100000001000000011111000000000001100000010000000100000001000000011100000000000001001110
0100010001000100011001000100010001000110000001000100010001000000010000000100010001000000010001000100010001000100011001000100010001000100000000000100010001000100010001000100010001000100010000000100010001000100010001000100010001000100010001000000010001000100
0000000000000000000000000000000000000000000000000000000000000000000000000000000000000000000000000000000000000000000000000000000000000000000000000000000000000000000000000000000000000000000000000000000000000000000000000000000000000000000000000000000000000000
0000000000000000000000000000000000000000000000000000000000000000000000000000000000000000000000000000000000000000000000000000000000000000000000000000000000000000000000000000000000000000000000000000000000000000000000000000000000000000000000000000000000000000
0000000000000000000000000000000000000000000000000000000000000000000000000000000000000000000000000000000000000000000000000000000000000000000000000000000000000000000000000000000000000000000000000000000000000000000000000000000000000000000000000000000000000000
0000000000000000000000000000000000000000000000000000000000000000000000000000000000000000000000000000000000000000000000000000000000000000000000000000000000000000000000000000000000000000000000000000000000000000000000000000000000000000000000000000000000000000
0000000000000000000000000000000000000000000000000000000000000000000000000000000000000000000000000000000000000000000000000000000000000000000000000000000000000000000000000000000000000000000000000000000000000000000000000000000000000000000000000000000000000000
0000000000000000000000000000000000000000000000000000000000000000000000000000000000000000000000000000000000000000000000000000000000000000000000000000000000000000000000000000000000000000000000000000000000000000000000000000000000000000000000000000000000000000
0000000000000000000000000000000000000000000000000000000000000000000000000000000000000000000000000000000000000000000000000000000000000000000000000000000000000000000000000000000000000000000000000000000000000000000000000000000000000000000000000000000000000000
0000000000000000000000000000000000000000000000000000000000000000000000000000000000000000000000000000000000000000000000000000000000000000000000000000000000000000000000000000000000000000000000000000000000000000000000000000000000000000000000000000000000000010
0000000000000000000000000000000000000000000000000000000000000000000000000000000000000000000000000000000000000000000000000000000000000000000000000000000000000000000000000000000000000000000000000000000000000000000000000000000000000000000000000000000000000000
0000110101111000001101111001000100101101100000101111101111010111110100100001101010001001100010011101001011110010000110000110101110101001111001010111011000110001111111011011000101111111000100000001011111010111010011010111111101001111110100110001101000011010
0111000100100110111111110101010101111110110111101110101011111110110101110111011101101110111000111111111111110010111101111111111111111110110101010111011111111010111111010111110111101011011011110111110111101001001101101111100001100011001111110111101111011110
0100010111111111011101011010011110101101101111110111111000011001001110111101111011011111111100111101001111111101111011101111111111001111101011111110101010111101101110111101101011101110011111101111100111001101001011111111110111100111111011011111011110110110
0000000000000000000000000000000000000000000000000000000000000000000000000000000000000000000000000000000000000000000000000000000000000000000000000000000000000000000000000000000000000000000000000000000000000000000000000000000000000000000000000000000000000000
0000000000000000000000000000000000000000000000000000000000000000000000000000000000000000000000000000000000000000000000000000000000000000000000000000000000000000000000000000000000000000000000000000000000000000000000000000000000000000000000000000000000000010
0111010110001110011011110111110011111111110101110101100100011110000101011101100010111111011111001011110101111011011101101111111001100011011100100101101110110111011101011101110101111000111111111111111100011100011000111111111111111101111010001011001110001010
0011111110110111111111101010110011110110111000000110101001010110110010111011001110011000110010101001111111111111111110001011101111101111101110100010111111100111011111110001001111101100100101001010111101101000001010110110111100010100000011100111101110011010
0000000000000000000000000000000000000000000000000000000000000000000000000000000000000000000000000000000000000000000000000000000000000000000000000000000000000000000000000000000000000000000000000000000000000000000000000000000000000000000000000000000000000000
0010101001110111001000101001001101111110000100111010111101101100001101100110000111111000011011001001010011011101100101010001001111110100000000100011100011100111000100010101000001110010111101001100101000111111001010011011011110110000100010111100110011001010
0101011101110111110011111100100101111000111101111111111100100110101110111110011101101101000101111100111001101001111101111011110100101011101110110001100110111011111110100000111111100110110001110001101111010101100100011100110001001110101110001000100010111010
0000000000000000000000000000000000000000000000000000000000000000000000000000000000000000000000000000000000000000000000000000000000000000000000000000000000000000000000000000000000000000000000000000000000000000000000000000000000000000000000000000000000000000
0000000000000000000000000000000000000000000000000000000000000000000000000000000000000000000000000000000000000000000000000000000000000000000000000000000000000000000000000000000000000000000000000000000000000000000000000000000000000000000000000000000000000000
0111100010110010101111110001000111111010001111110011011100110111101111110111100010111101110100000000011011001110111010111100111011011011111010111101110001001001001010111111011100010110010101111111110110111101110101000011111011110011111101010111010000011110
0000000000000000000000000000000000000000000000000000000000000000000000000000000000000000000000000000000000000000000000000000000001110111001111011011011111001011111111101111111101111101101011011001011101000011000011100111100101111111111111111111111110111110
0100011111101101100000011010011100001110010101100101100010110111011101100111110101101101100111010111011110110111110111101100111000001101110100000011111111001010110100101111110111111011101011111001111010011111100111011001010110100111001101111110101111000010
