0000000000000000000000000000000000000000000000000000000000000000000000000000000000000000000000000000000000000100000010000000000000000000000000000000000000000000000000000000000000000000000000010000000000000000000000000000000000000000000000000000000010000000
0000000000000000000000000000000000000110000000000000000000000000000000100000000000000000000000000000000000000000000000000000001000001000000001000000000000000000000000000000000000000000000000000000000000000000000000000000000000000000000000000000000000000000
0000000000000000000000000000000000000000000000000000000000000000000000000000000000000000000000000000000000000000000000000000000000000000000000000000000000000000000000000000000000000000000000000000000000000000000000000000000000000000000000000000000000000000
0000000010000000000000100000000000000000000000000000000000000000000000000000000000000000000010000000000000000100000000000000000000000000000000000100000000000000000000000000000000000000000000001000000000000100000000000000000000000000000000000000000000000100
0100111111101111101110111011001010100100110010101101100110000000011101011111111101011111011111011101001111000111011111000000011001111111110110111101000101110111111011111101111100000000000000000101011000100011001110010000010010110001110111111111111101010000
0110110010111011111100110011111101010010111101111001101110110100010100001001000010001101101000100000001000000100010000011100000001111111111111000100110110100111111110101111011110000000000000000001110101011111100001111101101100111111100101111111011000000000
0111111100001110101111110011100111100100000111011110100000010000110000000001111111000101011100111001101001101010011010101100000001011000010011001010100011101010011001001100000011111110100110111010111111001011101000010101011111100110111110100111000000000000
0111111111001001001111111101011101111110110101101111011111000000001110110111101000101110110011001011010111110111001011011110100001011010101100111111101111001111010001000011011001000101011110100101111001110011111000011111111111111100111111111110010000110010
0101111010111010001101001101101111100000110010000000111101100111001111110111101111101100110110110111101001100110000011111000000000111011111110101101110111011110000101101010100011011001000100100001100101101000001000011110010000000000100010010010001000001010
0111111111101111111111111110000001110000110111010000110110000111001011001101111011111111000110001001111100011110101110000100011000100110000100111111110111111111010001110111010110000001100010000101111111000010111110011010011000111110110111101000000000000000
0111111111111111101111111111110111011010001101001101111101110111111110010100011101111011100111100010001001000010000001000000010000000000000000000000000100100000001101000000000000010000000000000000001000000000000000000100100100011110000010101000000011011000
0000000000000000000000000000000000000000000000000000000000000000000000000000000000000000000000000000000000000000000000000000000000000000000000000000000000000000000000000000000000000000000000000000000000000000000000000000000000000000000000000000000000000000
0001101010110111010110101101100110111111101000100010000000111000100000110011000001010000100000110000000000000000000001000000010001111111001111010101100111000000000010111111000001010110011101000101110001001011011101100110110100011111010111100111100010111110
0000000000000000000000000000000000000000000000000000000000000000000000000000000000000000000000000000000000000000000000000000000000000000000000000000000000000000000000000000000000000000000000000000000000000000000000000000000000000000000000000000000000000000
0111111110011010101011011111001111110011111101111010101101001110001111111111011111110100011100100110100001000010111000100001001001110111010110011111110111111110010101010100000101110101100100000111111101011101010011001111100000100000100110011000110110011100
0111010101111001010101111111001000100101111111111000101010111010001110101101101111111110001000011011011100000111111010111001111001011111110111110101100111101100010101011111101011100001101000001100011100011100000100010000001000000111011110000000000000001000
0110000001001111110000000011010110010000011111001010010000000101101000011000001000110000000011010000000000010001010000100100011001001000100000010011101001011011111000101011000111001000000000000100000010011100101011111100110101110001101101111111111000110000
0110111111011101011001111111101111110100110010110101111100010110001000000011000001110000001001110010000000111011111110010001010111100110111111111110110111011101111011100010111111110111111100011111111110011100101100011111110011101010111111000110011100011100
0100100000111100110000000000100000100000000001000010000011011001100000000000001001000000000000000010100011010110100001100000000110010100100000100101000000000110001000101010100001000000110001111110001101110100111000011100100110100111111001010010111000000000
0101010010001110001100000011000010100000001100011000000111001010110000100010001001100011000100100001000000100110011101001010110001111110100111010001111000100010001011000000101011000001011101010110010100010000111011111010111111000010011010011100000101100000
0111111111111110010101011001101001111000001101101110000111011010110010001011111000000110010011111110101001011111111110000000000001001111110101011101001011111111111011001111111111101111101100000111001010000001011010010000001100011011111110111011000000100000
0111001101001011011001101000011001100010011110111001000111100100011001111101101111010111011111111100001010100000000110000111100001100011111111110111000010111110001101000100110111110000000000000111101000011101110110011101111111111101011000011000111011011000
0100000000001011111010010000000000000000000000000000000000000000011000110110111011101101011101110110011000000000000000000000000001100100010100001111100010010000011000101010110101100000000000000010000011111100001010011011100100001001101110000000000000000000
0001111111001011100111000000000000000000000000000000000000000000001011000011111111011111010000000100010010001000000000000000000000000100000000000000000000000000000000000000000000000000000000000100111100110110100000000000000000000000000000000000000000000000
0101101011101101101011101011100100100111100011000100100011011100101010001000000000100000000000100000000000010100010001100000010001011111110011110111111111111111101110111101111111011111011111101001011110110011110101111001111100011100010000000000100010110110
0101010001000110000000010001000000000000110010001110000110000000111100011000100000010000101010000100101010000101101110000111000001101101111111111111001011111111111111010111101111110001001110000111011111110010101010011110011111010111111010001000000110101000
0111111111111011111110110101001010100100110000000000000000000000010000000000000000000000000000000000000000000000000000000000000001011111111111001011011000111101110111100010111001000010011111111000000000000000000000000000000000000000000000000000000000000000
0111000100110110000011000110100010001000000000000000000000000000011111100111011011011111001111111111111111111000011101000000000001101110011011100000100110101100111010001111111100000000000000000000000000000000000000000000000000000000000000000000000000000000
0110000101010011001100000100000010100000010110100000001000110000011111111111111010100100101101011001011001111111101011111011010001111100000000000000011101110011101000001000000001100000100010011000000011101000000000000001011000110011101000010011011100000000
0100100000101000101001011000110010011111001100010001000011111000110110101010001101110010011100111101111111110101010110000010000001101111110101111110111010011111111011011101111111011101111101110101110011110110110110011000001001000101101101110010110001100010
0101000100111110001000110101000100000000010011001000100000100100100101010110000001111111111101000000100010001011100000000001101010110101000000111100100111111111111000101010001001001001101000101110101000000100111111111011111111011111100000000000000000000000
0101100001001111000110101100000000100000000000010110000010001110111001100111110000100101011011011011011101010101110100010111011001111111111011110010111111111111100111001101011101010001111000000100000100111011000000100101101110100100101000101001110100110000
0000000000000000001000100000000000000000000100000000000000000000000000000000000000000000000100100000000100000000000010000000001000000000000000010010000000000010000000000000000000000000000000000000000010000000000000010000000000000000000100000000000000001010
0000000000000000000000000000000000000000000000000000000000000000000000000000000000000000000000000000000000000100000000000000000000000000000000000000100000000000000000000000000000000000000000010000000000000000010000000000000100010000000000010000000000000000
0000000000000000000000000000001000000100000000000000000000000000000000000000000000000000000000000100000000000000000000000000000000000000000000000000000000000000100000010000000000000000000000100000000100000000000010000000000000010100000000000000000000000000
0000000000000000000000000000000000000000000000000000000000000000000000000000000000000000000000000000000000000000000000000000000000000000000000000000000000000000000000000000000000000000000000000000000000000000000000000000000000000000000000000000000000000000
0000000000000000000000000000000000000000000000000000000000000000000000000000000000000000000000000000000000000000000000000000000000000000000000000000000000000000000000000000000000000000000000000000000000000000000000000000000000000000000000000000000000000000
0011110111001111101110101111101110110100111111101101111001011110111100010111111001001011101110110000001010101101100010001000000001101110010000001000010000000100100101010101000011111000100100010011011010110000000100101000101100100100001001000110110111011110
0111111100110111110111011001110111101101100011000001001111011100010001010111101010111000111111111111111100000000000000000000000001111010010001101100011010100000111101000010101001110101111111111111110101111111111001001001000010000000001111111111111111111000
0111101011000100011100011011001011100111001011110001110110000011011000110000110101010001100010110011011001010101001111010110000001111011011111111111001111010011111010111100110001111011001110101000000100000101011110000001000111010100001110000000000110100010
0111111111111111111011100110111111110111000101010101111110111111111011110101001011011101110001100010101011101010111100000000000001111111011101001010000010000100001010010110101001010001101111111100000111111111111011011110010111011110011000000000000000000000
0110111100000010001110000001110000000000011010110100000000101110000011000000000010011010010101101111111100011110101010111100110001000101000001101111001001111001110110000000111000011010001010111100011000000001110001000010100000000001010000001001000100000100
0000000000000000000000000000000000000000000000000000000000000000000000000000000000000000000000000000000000000000000000000000000000000000000000000000000000000000000000000000000000000000000000000000000000000000000000000000000000000000000000000000000000000000
0000000000000000000000000000000000000000000000000000000000000000000000000000000000000000000000000000000000000000000000000000000000000000000000000000000000000000000000000000000000000000000000000000000000000000000000000000000000000000000000000000000000000000
0000000000000001000100000000010000000000000000001000001000000001000010000011000000000000000010000000000000000010000000000000000001000010100000000000000000000000000111000100000000000000101010100000000110000000000000000000010001000000100100010000000000000000
0000000001000000100010101000000000000000000000000000000000011000000000000010000000000000000000000000000000100001010000000001000000000000000110000000000000000000101000010000000100000000000000000000100010000001000000101000000000100100000000000100000000000100
0110110110100000000000000000111101101000110110010110010100010001010101100000000000111111111111111111111101110010100000001010000111111111111111001001001011101111100111101111101111011110110001110010000100100001000011001010011001100000100000000000000000000000
0111111111111111111111111111011101101111101111100011110111011110100000100110011110010100011110110000101111111011101010111101110000111111111110001000001001000011011111111111101011001000100001000100000001001111000000000010110010100100000000101110001110001000
0000000000000000000000000000000000000000000000000000000000000000000000000000000000000000000000000000000000000000000000000000000001000000000000000000000000000000000000000000000000000000000000000111110011011110011101010101110000110111100000000000000000000000
0100100000000000000011000000000000001000101110000010010101010000011110000111000000101000000000000000000000000000000000000000000000000000000000000000000000000000000000000000000000000000000000000100000000000000000000000000000000000000000000000000000000000000
0101000001000000000101001000000110010011101010000000100010111111110110000010100100101001101000111111111110101111001010011010001111111011000001010011111000101110110011010011111100110101100001011100000100000010011000000000000000000000000000000000000000000000
0100000000000000000000000000000000000000000000000000000000000000000000000000000000000000000000000000000000000000000000000000000001111111111000011110001000000000000000000000000000000000000000000100000000000000000000000000000000000000000000000000000000000000
0111111111111011111111111111111100011101000000000000000000010001000111001000010010001111111100111110001000110010010101100101010001000100001100000000000000100000001111111100100111100110000000000111111111101010110111011010110000000110000111001001110001100110
0100001100010001010000000000000001000001001011110001011100000000011111001110001111100100110100101110111111000000000000000000000001101101011111011111011011001101000000100110000101100100001000100001101010111000001100011000101010010101100010000111000010000000
0100010100001010111111111001001100110000111111100111101110011100100011010100001100000000000111110011111000001110001011100111101101110111001111111111111111101011100111110111011011111111101111111111010000000000000000000000000000000000000000000000000000000000
0110001010010001100000000000100000000001011001011001111001011100010110000101001100000001110000000000000000000000000000000000000001100000010000000100001000000110001100000110010000001000011000100101000101111110100111111001000010000000001000010000000111100010
0000000000000000000000000000000000000000000000000000000000000000000000000000000000000000000000000000000000000000000000000000000000000000000000000000000000000000000000000000000000000000000000000000000000000000000000000000000000000000000000000000000000000000
0001010000000000001000000000100000000000000000000000000000000000001000100000000000100000000000000000010000000000000000000001000010000001000000000000000000000001000000001000000000000001000000100000000000100000000000000100000001010000100000000000000000000000
0000000000000000110000001000110110000000000000010000000010010000010000001010001000000000000000000001000000000100000010000010000001000001100000001000000010000000010000000001000000000000001001000010000100100000000001000000010001000100000100000100000000000000
0000000000000000000000000000000000000000000000000000000000000000000000000000000000000000000000000000000000000000000000000000000000000000000000000000000000000000000000000000000000000000000000000000000000000000000000000000000000000000000000000000000000000000
0101001000010000000000100111000100101001101000000101110101101000010001111111111000111110110010011110010010101110011000001011000001111111111111100011111010011011110010000100101011100010100000100001010000000010000110111000100111111011110111101111000000000000
0100110010111010111110111110011000100011101011100101010010101010001111111101111011111101110001110111001011101001100000010101100000010000000000000000010101100110001000010001001010010001001000010010000010001000000100100110010010000100010010000001001011111000
0111111111111111111111111111001100111011011110011111111111111110011011101111111100000000000000000000000000000000000000000000000001111111111010101010110110011011110100110001001101111110100001010001100100010000000010000000010110000101101000110100100000000000
0111111111101111000111101111011110111111101111111001011111100001111000010101100110011110110010101100101010111111010100000101100001111111101111110111111110010101111110000101101110111000011101001011000111100010000110100010110000001000010111010111110001011010
0000000000000000000000000000000000000000000000000000000000000000000000000000000000000000000000000000000000000000000000000000000000000000000000000000000000000000011110011010001101010000010001000000000000000000000000000000001001100001010000100000000000000000
0111111000000000000000000100000001110110000000000111010000000000000000000100001001111010011000000000000000000000000000000000000001000010000000000000000001000000000000100101000000000000011100100000000000000000000000000000000000000000000000000000000000100000
0000000001000000000000000000000001111010000000000000000001000010000000000100000001111000000000000110001000000000000000000100010000000000000000000000000000000000010000000000000001000000010001100000000001001110010100000000000000100000011000000111100000000000
0000000000000000000000000000000000000000001000000000000000000000000000000000000000000000000000000110011110111110011000000000000000000000000000000010000000000000000000000000000000000000000101000000000000000000000000000000000001111110010010000100000000000000
0000000000000000000000000000000000000000000000000000000000000000000000000000000000000000000000000000000000000000000000000000000000000000000000000000000000000000000000000000000000000000000000000000000000000000000000000000000000000000000000000000000000000000
0000000000000000000000000000000000000000000000000000000000000000000000000000000000000000000000000000000000000000000000000000000000000000000000000000000000000000000000000000000000000000000000000000000000000000000000000000000000000000000000000000000000000000
0000000000000000000000000000000000000000000000000000000000000000000000000000000000000000000000000000000000000000000000000000000000100000000000000100000001000000011000000000000000000000011011100000000000000000000100000000000000000000000000000000000001000000
0000000000000100000100000100000000000000000000000000000000000000000000000000000001000000000000000110001001100110000000000000000001100010000000000000000000000000000000000000000000000000000000000000000000000000000000000000000001000000000110000000100001000000
0100000000000010000000000000000001100000000000000010100100000000011000000000010001000000000000000000000000000000000000000000000001111010100000000000000000000000010000000000001001100111100000100000000000000000000000000000000000000000000000000000000000000000
0110000001010000010000000000000000000000001101100000000000010110001100000000000000000000011001100110000000000010000100000000000000000000000000000001000001000101000000000000000000000000000000000110011000000000000000000110000001100110000000000000000000000000
0000000000110000000000000000000000000000000000000000000000000000000000000110011000000010000000000011110001110000011000100000000001010100000000000000000000000000000000000110011001100100000000000100011001100110000000000110000000000000000000000000000001000000
0000000000000000000000000000000000000000000000000000000000000000011111111110000000100000000000000000000000000000000000000000000001111111111111111111111111101110000000000000000000000000000000000000000000000000000000000000000000000000000000000000000000000000
0000000000000000010000000100000001000000011000000000000000111000000000000000000000001000000000000100000000000000000000000100100000000000000000000000000000000000000000000000000000000000000000000000000000000000000000000110011001000000000000000000000000000000
0100000110011000000000000000000000000000000000000000000000000000001110011000000000110000000001000000110110000000000101100100000000000000000000000001011111110010000100000000000000000000000000000000000000000000011000000000100001000100000010000100000000000000
0000000000000000000000000000000000000000000000000000000000000000000000000000000000000000000000000000000000000000000000000000000001000000000100000000101100000000110000000000000000000000000000000000000000000000000000000000000000000000000000000000000000000000
0000000000000010000000000000000001101000000000000010000000010000010000000000000000000000011111100000110000000000000000000010111001111010000000000000000001010000000000000100000011110000000000000011011000100000010000000100000000000000000000000000000000000010
0000000000000000000000000000000000000000000000000001000000000000000000000000000001001111000000000111111111111110011000000000001000000000000000000001111000001110011110000000000001010000000000000000000000000000010111101111111000111111000000000000000000000000
0000000001110000010001100000000000000000010000000000000000000000000000000000000000000000010000000000000000000000000000000000000001111110000000000000100001101100000000000000000000000000010000000110000000000000000000000000000000000000011000100000000000000000
0000000000000000000000000000000001101101100101111000000000000000010000000000000000000000000000000000000000000000000000000000000000000000000000000000000000000000000000000000000000000000000000000000000000000000000000000000000000000011000010000000000000000010
0000000000000000000000000000000001100000000000000000000000000000011000000000010000000000000000000000000000000010011100000000001001000000010001100000000000000110011110000000000000000000101000000111111111111100010000010000000000111101100000000000000000000000
0000000000000000000000000000000000000000000000000000000000000000011111110000000000000000000000000000000000000000000000000000000001111110001100010111111111101110000000000000000001100000000000000000000000000000000010000000001000000000000000000110000000000000
0010000000000000000000000101100001000000000000000100000000000000001110000000101001101010000000000000000001111010000000000000000000000000010000100100000000000000011000000000000000000000000000000100000001000000010000000100000000000000000010000000000000000000
0110000000000000000000000111111000000000010011100100000001100000010001100111111000000000011000000000000000000000010000000100111000000000000000000101111000000000000000000100001000000000000000000000000001000000011010000000000000000000000000000111100000000000
0000010001100110011000000100000000000000000000000000011000000000000000000000000000000000000000000000000000000000000000100000010000000000000000000000000001000000000000000000010000000100000000000000000000000000000000000100011000000000000000000000000001000000
0110111000000000000000000100101000000000000000000000000000000000000000000000000001000000010001100000000000000000000000000100000000000000000000000000000001000000000000000000000000000000010011000100000001111000000000000000000001001100010000000000000000000000
0100011000000000011100000000000000000000011100000000000000100000001000000100000000000000000000000000000001111010000000000000000000000000011000000000000000000010000000000000000000000000011100000000000000000000000000000111110000000000000000000100000001000000
0000010001110100000000000000000001100000001101000001101000100010000000000000000000000000000000000000000000000000000000000110101001010010000000000000000000000000000000000111000000000000011000000000000000000000000000000100000000000000011001100000000001000000
0000000000000000000000000000000001000000000000100000000100000000000000000000000001100100001000000000000000000000000000000000000000000000000000000001100001111000000000000000000001000100000000000000000000000000010000000101110001111111001000000110110000000110
0100000000000000000011111111111111111111111111111111111100110011001100110000000000000000000011111111111111111010111111111111111111101011000000000000000000000000000000000000000000000000000000000000000000111100000000111011111111111111111111111111111111000010
0000001111111111111111000011110000000000001111000000000000000011110000000011110000000000000000111100110000000000000000000000000000000000001100111111000000001111111111111111111111111100000000000000000000000000000000000000000000000000000000000000000000000000
0000000000000000011001010000000000000000000000000000000001100110011001100110000000000000011101110000000000000000000000000000000000000000000000000000000000001100000000000000000000000000000000001111110000000000000000000000000000000000000000000000000000000000
0000000000000000000000000000000000000000000000000000000000000000000000000000000000000000000000000000001100001100000000000011000000110011000011001111001111000000111100000000110000000000000000000011001100110000000000001100110011000000000001100110111001101110
0000000000000000000000000000000000000000000000000000000000000000000000000000000000000000000000000000000000000000000000000000000000000000000000000000000000000000000000100000000000000000000000000000000000000000000000000000000000000000100000000000000000000000
0000000000000000000000000000000000000100000000000000000000000000000000000000000000000000000000000000000000000000000000000000000000000000000000000000000000000000010000000000000000000000000000000000000100000000100000000100000000000001000000000000000000000000
0000000000000000000000000000000000000000000000000000000000000000000000000000000000000000000000000000000000000000000000000000000000000000000000001000000000000000000000000000000000000000001000000000000000000000000000000000000000100000000000000000000000000000
0000000000000000000000000000000000000000000000000000000000000000000000000000000000000000000000000000000000000000000000000000000000000000000000000000000000000000000000000000000000000000001000000000000000000000100000000000000000000000000000000000000000000000
0000000000000000000000000000100000000000000000000000000000000000000000000000010000000000000000000000000000000000000000000000000000000000000000000000000000000000000000000000000000000000000000000000000000000000000000000000000000000000000000000000000000000000
0000000000000000000000000000000000000000000000000000000000000000000000000000000000000000010000000000000000000000000000000000000000000000000000000000000000000000000000000000000000000000000000000000000000000000000000000000000000000000000000000000000000000000
0000000000000000000000000000000000000000000000000000000000000000000000000000000000000000000000000000000000000000000000000000000000000000000000000000000000000000000000000000000000000000000000000000000000000000000000000000000000000000000000000000000000000000
0000000000000000000000000000000000000000000000000000000000000000000000000000000000000000000000000000000000000000000000000000000000000000000000000000000000000000000000000000000000000000000000000000000000000000000000000000000000000000000000000000000000000000
0000000000000000000000000000000000000000000000000000000000000000000000000000000000000000000000000000000000000000000000000000000000000000000000000000000000000000000000000000000000000000000000000000000000000000000000000000000000000000000000000000000000000000
0000000000000000000000000000000000000000000000000000000000000000000000000000000000000000000000000000000000000000000000000000000000000000000000000000000000000000000000000000000000000000000000000000000000000000000000000000000000000000000000000000000000000000
0000000000000000000000000000000000000000000000000000000000000000000000000000000000000000000000000000000000000000000000000000000000000000000000000000000000000000000000000000000000000000000000000000000000000000000000000000000000000000000000000000000000000000
0000000000000000000000000000000000000000000000000000000000000000000000000000000000000000000000000000000000000000000000000000000000000000000000000000000000000000000000000000000000000000000000000000000000000100000000000000000000000000000000000000000000000000
0000000000000000000000000000000000000000000000000000000000000000000000000000000000000000000000000000000000000000000000000000000000000000000000000000000000000000000000000000000000000000000000000000000000000000000000000000000000000000000000000000000000000000
0000000000001000000000000000000000000000000000000000000000000000000000000000000000000000000000000000000000000000000000000000000000000000000000000000000000000000000000000000000000000000000000000000000000000000000000000000000000000000000000000000000000000000
0100000000010000010000000000000000000000000000000000000000000000000001000000011010000111111000000000000000000000000000000000000001010010100000110001001000011001100000100000000000000000000000000110010101100010000001111100101110011100000000001001000000000000
0100111101000101010101111110111111111111000000000000000000000000011111111110011011110000000000000000000000000000000000000000000001100001100011000000001000000000000000000000000000000000000000000111111101011101101010010000000000000000000000000000000000000000
0000000000000000000000000000000000000000000000000000000000000000000000000000000000000000000000000000000000000000000000000000000000000000000000000000000000000000000000000000000000001000000000000000000000000000000000000000000000000000000000010000000000000000
0000000000000000000000000000000000000000000000000000000000000000000000000000000000000000000000000000000000000000000000000000000000000000000000000000000000000000000000000000000000000000000000000000000000000000000000000000000000000000000000000000000000000000
0000000000000000000000000000000000000000000000000000000000000000000000000000000000100000000000000000000000000000000000000000000000000000000000000000000000000000000000000000000000000000000000000000000000000000000000001000000000000000000000000000000000000000
0001000000000000000000000000000000000000000000000000100000000000000000000000000000000100000000000000100000000000010000000000000000001000000000000000000000000000000000000000000000000000000000000000000000000000000000000000000000000000000000000010000000000000
0110000000000101010000000001100000010000010000011010010010000000010101011100101001101101010010111111111111011110000110101000000001000000000000000100101111000001010001000111011111110100000000000111111100001110010110100011010011011111011111100010000111110000
0011111111101100001110111000011001000010100000000011100011110010010000110110001101110100100100010111000101110001111011110110000000011000000000000000000100001000000000000100000000000000010000000100000101100000001100011001000101011111111101110100000000000000
0000001100001001000000110000000000001100111111011100110000001000000000000000010000001010000101011000101011001000000000000000000001001110110010000011000111100001101000011000010000010100000000100100001010110000100000010100000111101111100110010000111101001000
0110100101110110111101111101111111011111111011111111111111101000000111111111101000000000000000000000000000000000000000000000000001001010110001001011000000000000000000011000000000001000010011000100100100000100000110001000010001000001110000000010001010100010
0100110101100111110001100010001110101001011111110010011111000001010000010000010100001110010100011000000000000000000000000000000001010100000001111101111111011001011001001111100000000100110110011110111001001110000001010111000000000000110010000000000000000000
0100011001011000111010001100011000010111000001111110010010000100001000101111001111111110000000100001010000000101100101101000100001100011101000000101100010101000000000001010010111110011010010000111001000010110000000101011010000001000000010000010010000000000
0000011111111110001100001110101101110111010010001000110000101010010001100000010010010000000010000011000000000011000010000100100001000111001111111101111101011100110111000101101111001111000101101111111100000010111100110101010100000000100000010110111000000000
0000001100111010011001000000000010000000011100001000000010000000010000010110001100011110111101111111111111110000010001101000000001110101110011011011110000000000101000000000010101101000000000000101111110000111110111111111010010100110111000111010010001100000
0000000000000100001000000000000000000000000000001000000000000000000000000000000100000100000000000000000000100000000000000000000000000010000000000010000100000000000100000000000000100000000000000000000000000000000000000000000000000000001000000000000000000000
0000000000000000000000000000000000000000000000000000000000000000000000000000000000000000000000000000000000000000000000000000000000000000000000000000000000000000000000000000000000000000000000000000000000100000000000000000000000000000000000000000000000000000
0000000000000000000000000000000000000000000000000000000000000000000000000000000000000000000000000000000000000000000000000000000000000000000000000000000000000000000000000000000000000000000000000000000000000000000100000000000000000000000000000000000000000000
0000010000000000000000000010010100000000000000000000000000010000000000000000000000000100000000000000000000010000000010000000001000000000000000000000001000000000000000000000000000000000000000000000000000000000000000000000000000000000100000000000000000001000
0000000000000000000010000000001000000000000000000010000000000000011000000000000000100000000100000000000010000000000000001000000001000010000001000000000000000000000100000010000000000010000000010001000000000001110000100010010000000000000000000000000000100000
0010010000001100000000000000001000000001000100010010010100001000100000000000001000000000000000100100100010000000000001101000000000111000010000001000100010000001000000010000000000100001000000000010000000100010001001010000100010000110000000000001100000000000
0010000001000010000000000000000000000000000000001000000000000000000000000000000000000000000000000000000000000000100000000000000000000000000000000000000000000010000000100000000000000000000000000000000000000000000000000000001000000000000000000000010000000000
0000000000000000000000000000000000000000000000000000000000000000000000000000000000000000000000000000000000000000000000000000000000000000000000000000000000000000000000000010000000000000000000000000000000000000000000000000000000000000000000000000000000100000
0000000000000000000000000000000000000000000000000000000000000000000000000000000000000000000000000000000000000000000000000000000000000000000000100000100000000000000000000000000000000010000000000000000000000000000000000000100000000000000000000000000000000000
0000000000000000000000000010000000000000000000000000000000000000000000000000000000000000000000000000000000000000000000000000000000000000000000000000000000000000000000000000000000000000000000000000000000000000000000000000000000000000000000000000000000000000
0000000000000000000000000000000000000000000000000000000000000000000000000000000000000000000000000000000000000000000000000000000000000010000000000000000000000000000000000000000000000000000000000000000000000000000000000000000000000000000000000000000000000000
0000000000000000000000001000000000000000000000000000000000000000000000000000000000000000000000000010000000000000000000001000000000000000000000000000000000000000000000000000000000000000000000000000000000000000000000000000000000000000000000000000000000000000
0000000000000000000000000000000000000000000000000000000000000000000000000000000000000000000000000000000000000000000000000000000000000000000000000000000000000000000000000000000000000000000000000000000000000000000000000000000000000000000000000000000000000000
0000000000000000000000000000000000000000000000000000000000000000000000000000000000000000000000000000000000000000000000000000000000000000000000000000000000000000000000000000000000000000000000000000000000000000000000000000000000000000000000000000000000000000
0000000000000000000000000000000000000000000000000000000000000000000000000000000000000000000000000000000000000000000000000000000000000000000000000000000000000000000000000000000000000000000000000000000000000000000000000000000000000000000000000000000000000000
0001000000000000000000000000000000000000000000000000000000000000000000000000000000000000000000000000000000000000000000000000000000000000000000000000000000000000000000000000000000000001000000000000000000100000000000000000000000000000000000000000000010000000
0000000000000000000000000000000000000000000000000000000000000000000000000000000000000000000000000000000000000000000000000000000000000000000000000000000000001000000000000000000000000000000000000000000000000000000000000000000000000000000000000000000000000000
0000000000000000000000000000000000000000000000000000000000000000000000000000000000000000000000000000000000000000000000000000000000000000000000000000000000000000000000000000000000000000000000000000000000000000000000000000000000000000000000000000000000000000
0000000000000000000000000000000000000000000000000000000000000000000000000000000000000000000000000000000000000000000000000000000000000000000000000000000000000000000000000000000000000000000000000000000000000000000000000000000000000000000000000000000000000000
0000000000000000000000000000000000000000000000000000000000000000000000000000000000000000000000000000000000000000000000000000000000000000000000000000000000000000000000000000000000000000000000000000000000000000000000000000000000000000000000100000000000000000
0000000000000000000000000000000000000000000000000000000000000000000000000000000000000000000000000000000000000000000000000000000000000000000000000000000000000000000000000000000000000000000000000000000000000000000000000000000000000000000000000000000000000000
0000000000000000000100000000000000000000000000000000000001000000000000010000000000000000000000000010000000000000000000000000000000000000000000000000000000000000000000000000000000000000000000000000000000000000000000000100000000000000000000000000100000000000
0100000000000000001000000000000000000000000000000000000000000000000000000000100000000000000001000100000000100000000010000000000000000000000000000000000000000000000000000000000000001000000000000000000000000110000000000000000000000000000000000000000000000000
0001000000000000000000000000000000000000000000000000000000000000000000000000000000000000000000000000000000000000000000000000000000000000000000000000000000000000000000000000000000000000000000000000000000000000000000000000000000000000000000000000000000000000
0000000000000000000000000000000000000000000000000000000000000000000000000000000000000000000000000000000000000000000000000000000000000000000000000000000000000000000000000000000000000000000000000000000000000000000000000000000000000000000000000000000000000000
0000000000000000000000000000000000000000000000000000000000000000000000000000010000000000000000000000000000000000000000000000000000000000000000000000000000000000000000000000000000000000000000000000000000000000000000000000000000000000000000100000000000000000
0000000000000000000000000000000000000000000000000000000000000000000000000000000000000000000000000000000000000000000000000000000000000000000000000000000000000000000000000000000000000000000000000000000000000000000000000000000000000000000000000000000000000000
0000000000000000111000000100000000010000000000000001000000000000000101000000000000000000000000000000000010010100000000000000000000000000000000000010000000000000001000000000000000000110000010000000000000000000000000001101000000000010001000000000000100000000
0010001001000000001000000000000001000000000000100000000000000000000000000000000000001000000000000000000000000010000000001000100000010000000000001000000000001000000000100010000000000000000000100100010000000000010000000000000010000000100000000010000000000000
0101010000000000000000000000100100000101000000000001000000000110000000000000000000000000000000000000010000000010000010000000100000000010100000000000100000000000010000000001100001000010000000000000000010000000010000000000010000000010001000000000000000000000
0000110000000000000000000000010000000110001000001000010000000001000000100000010000000000000000000000011000000000000000000000000110110000001100100000101000000000000000000000000010000100000000100010000000000000000000000000000000000000000000000000000000000000
0000000000000000000000000000000000000000000000000000000000000000000000000000000000000000000000000000000000000000000000000000000000000000000000000000000000000000000000000000000000000000000000000000000000000000000000000000000000000000000000000000000000000000
0110111111101001111110010010011111111110101111110101100011101000001111110100100011111111100001111001010011000000001010100001100001001111111111111111111111101110111111001011110001011110111111110010111110010111111000101011101110011000010111111111110011111100
0101111101111100111111111111110010111010101111011100111010111110011101111001110111000001111011001100000110010000001111110011100001101100100111111111001011110110000000000100000100100000100101000001000101100010000000010001011000011011100010000000001010111010
0000010000000010000010000000010000100000000000000000000000100000000000001000000000000000000000000000000000000000000000000000000010000000100000000000010000000000000000000000000000000000000000000000000000000000000000000000000000000000001001000000000000000000
0000000001000000000000000000001000000000000000010000000000000000001000000100100000000001000000000000000000000000000000000000000000000001100000000000000000100100000000000000000000000000000000010000000000000000000000000001001000000000000000000100000001000000
0000000000000010000000000000000000000000000000000000100000000000100000010010000000001000000000000000011000000000001000000000000000000000001000000000000100000000000000000000000000001000000000000000010100000000000010000000000000000000000000000000000000100000
0101000000000000000100000000001000000000000000000000000000000000000000010000000010000000100000000000000000000000000000000001000000000000100000000000000000000000100000000001000101000000000000000000000000000000000110000000010000000000000000000000000000000010
0010000000000000000000000000001001000000000000000000000000001001011000001000001000001000000000000010010101000000000000000000000100000000000010010000100000001000000000000010000000000000000000001000000010000001000001000000000000000000000000000000001000001000
0000000000000000000110000000001000000000000000100010000000100000000000000000000000100000100100000000000000000000000000010000000000000000000100000000000000000000000000100000001010000001000000000000000000000000000001100000000000010001000000000000000000000000
0000000000000000010000010000100000000000000000000000000000000000000000000000000001000000000000000000100010000000000000000000000000000001001000000000000100000000000001000000000000001000000001000000000010000000000000000000000100001000000001000001001000000010
0000000000000000000000000000000000000000000000000000000000000000000000000000000000000000000000000000000000000000000000000000000000000000000000000000000000000000000000000000000000000000000000000000000000000000000000000000000000000000000010000000000000000000
0000000000000000000000000000000000000000000000000000000000000000000000000000000000000000000000000000000000000000000000000000000000000000000000000000000000000100000000000000000000000000000000000000000001000000000000000000000000000000000000000000000000000000
0000000000000000000000000000000000000000000000000000000000000000000000000000000000000000000000000000000000000000000000000000000000000000000000000000000000000000000000000000000000000000000000000000000000000000000000000000000000000000000000000000000000000000
0000000000000000000000000000000001000000000000000000000000000000000000000000000000000000000000000000000000000000000000000000000000000000000000000000000000000000000000000000000000000000000000000000000000000000000000000000000000000000000000000000000000000000
0000000000000000000000000000000000000000000000000000000000000000000000000000000000000000000000100000000000000000000000000000000000000000000000000000000000000000000000000000000000000000000000010000000000000000000000000000000000000000000000000000000000000000
0000000000000000000000000000000000000000000000000000000000000000000000000000000000000000000000000000000000000000000000000000000000000000000000000000000000000000000000000000000000000000000000000000000000000000000000000000000000000000000000000000000000000000
0000000000000000000000000000000000000000000000000000000000000000000000000000000000000000000000000000000000000000000000000000000000000000000000000000000000000000000000000000000000000000000000000000000000000000000000000000000000000000000000000000000000000000
0000000000000000000000000000000000000000000000000000000000000000000000000000000000000000000001000000000000000000000000000000000000000000000000000000000000000000000001000000000000000000000000000000000000000000000000000000000000000000000000000000000000000000
0000000000000000000000000000000000000000000000000000000000000000000000000000000000000000000000000001000000000000000000000100000000000000000000000000000000000000000000000000000000000000000000000000000000000000000000000000000000000000000000000000000000000000
0000010000000000000100000000000000000000000000000000000000000000000000000000000000000000000000000000000000000000000000000000000000000000000000000000000000000000000000000000000000000000000000000000000000000000000000000000000000000000000000000000000000000000
0000000000000000000000000000000000000000000000000000000000000000000000000000000000000000000000000000000100000000000000000000000000000000000000000000000000000000000100000000000000000000000000000000000000000000000000000000000000000000000000000000000000000000
0000000000000000000000000000000000000000000000000000000000001000000000000000000000000000000000000000000000000000000000000000000000000000000000000000000000000000000000000000000000000000000000000000000000000000000000000000000000000000000000000000000000000000
0000000000000000000000000000000000000000000000000000000000000000000000000000000000000000000000000000000000000000000000000000000000000000000000000000000000000000000000000000000000000000000000000000000000000000000000000000000000000000000000000000000000000000
0000000000000000000000000000000000000000000000000000000000000000000000000000000000000000000000000000000000000000000000000000000000000000000000000000000000000000000000000000000000000000000000000000000000000000000000000000000000000000000000000000000000000000
0000000000100000000000000000000000000000000000000000000000000000000010000000000000000000000000000000000000000000000000000000000000000000000000000000000000000000000000000000000000000000000000000000000000000000000000000000000000010000000000000000000000010000
0101100101000000000000000000000000000000000000000000000000000000011011000010010110110001111110111100000000000000000000000000000000111111110010001111111101111111110101000110000001000010000000000111011111111110111111111011001110000101101111111001101001011100
0111111111111111111111111111111111111111110111111111111111111111111111111111111110000000000000000000000000000000000000000000000001000000000000000000010010000000000000000000000000000000000000000111111111111010010111010100111100110110101011101100000000000000
0000000000000000000000000000000000000000000000000000000000000000000000000000000000000000000000000000000000000000000000000000000000000000000000000000000000000000000000000000000000000000000000000000000000000000000100000000000000000000000001000010000000000000
0000000000000000001000000001010000000000000000000000000000000000000000000000000000000000000000000000000000000000000000000000000000000000000000000000000000000000000000000000000000000000000000000000000000000000000000000000000000000000000000000000000000000000
0000000000000000000000000000000000000000000000000000000000000000000000000000000000000000000000000000000000000000000000000000000000000000000000000000000000000000000000000000000000000000001000000000000000000000000000000000000000000000000000000000000000000000
0000000000000010000100000000000000000000000000000000000110000000000000000000000000000000000000010000000000000000000000000100100000000000000000000000010010000000000000000010100000000000100000000000000000000000000001000000010100001000000000000000000000000000
0000101000000000001000000000100010000000000000000000000000000010100000000000000000000000100000010000010000000000000000000000000000000010000010001000000000000000000000000000000000000000000000000000000000000000000010101000000000000000100000000100000010000000
0000000100000000000000000000000010000000000100000000010000000000000000000001000000100000000000000000000000000000000000100000000000000000000000000000000000000100000000000000000000000000000000000100000000000100000000100000000000100000000000000000000000000000
0000000000000000000100000000000000000000010000100000000100000000000000000000000000000000000000000000000001000000000000000000000001010000000000000000000100000000000001000000000100000000000000000000000000001000100000000000001000000000000000000000100000000000
0000000000000000000000000000000000000000000000000000000000000000000000000010000000000000000000000000000000000000000000000000000000000000000000000000000000000000000000000000000000000000000000000000000000000000000000000000000000000000000000000000000000000100
0000000000000000000000000000000000000000000000000000000000000000000000000000000000000000000000000000000000000000000000000000000000000000000000000000000000000000000000000000000000000000000000000000000000000000000000000000000000000000000000000000000000100000
0000000000000000000000000000000000000000000000000000100000000000000000000000000000000000000000000000000000000000000000000000000000000000000000000000001000000000100000000000000000000000000000000000000000000000001000000100000000100000000000000000000000000000
0000000000000000000000000000000100000000000000000000000000000000100000000000000000001000000000000000000000000000000000000000000000000000000000000000000000000000010000000000000000000000000000000000000000000000000000000000000000000000000000000000000000000000
0000000000000000000000000000000000000000000000000000000000000000000000000000000000000000000000000000000000000000000000000001000000000001000000000000000000000000000000000000000000000100100000000000000000000000000000001000000000000000000000000000000000000000
0000000010000000000000000000000000000000000000000000000000000000100000000000000000000000000000000000000000000000000000000000000001000000000100000000000000000000000000000010000000000000000000000000000000000000000000000000000000000000000000000000000000000000
0000000000000000000000000000000000000000000000000000000000000000000000000000000000000000000000000000000000000000000000000000000000000000000000000000000000000000000000100100000000000000001000000000000100000000000000000001000000000000000000001000000000000000
0000000000100000000000000000000000000000000000000000000000000000000000000000000000000000000000000000000000000000000000000000000000000000000000000000000000000000000000000000000000000000000000000000000000000000000000000000000000000000000000000000000000000000
0000000000000000000000000000000000000000000000000000000000000000000000000000000000000000000000000000000000000000000000000000000000000000000000000000000000000000000000000000000000000000000000000000000000000000000000000000000000000000000000000000000000000000
0000000000000000000000000000000000000000000000000000000000000000000000000010000000000000000000000000000000000000000000000000000000000000000000000100000000010000000000000000000000000000000000000000000000000000000000000000000000000000000000000000000000000000
0000000000000011000000000010000000010000000000000000000000000000100000000000000000000000000000000000000000000000000000000000000000000000000000000000000000000000000000000000000000000000000000000000000000000000000000000000000000000000000000000000000000000000
0000000000000000000000000000000000000000000000000000000000000000000000000000000000000000000000000000000000000000000000000000000000000000000000000000000000000000000000000000000000000000000000000000000000000000000000000000000000000000000000000000000000000000
0000100000000000010000000000000001000001000000000100000000000000000010000000000101000100001000001000000000000001000000000000000000000100000000000000000000000000000000000001000000000000000000000000000000000000010000000000000000001100000100000000000000000000
0000000000000000000000000000000000000000000000000000000000000000000000000000000000000000000000000000000000000000000000000000000000000000000000000000000000000000000000000000000000000000000000000000000000000000000000000000000000000000000000000000000000000000
0000100000000000010000000000010000000000010000000000000000000000000100000000000000000000000000000000001000001000000000000000001000010000000000000000000100000001000001000000000000000000000000010010000000000000100000001000000000000000000000000000000000000010
0000000000000000000000000000100010000000100000010000000010000100000000000010000000000000000000000000000100000000000001001010000000000000000000010000000000000000000000010000000001000000000000000000000000000000000010001000000000110000000000000000001000010000
0000000000000100000000000000000000000000000000000000000000000000000000000000000000000000000000000000000000000000000000010000000000000001000000000000000000000000000000000000000000000000000000000000000000000000000000000000000000000000000000010000000000000000
0000000000000000000000000000000000000000000000000000000000000000000000000000000000000000000000000000000000000000000000000000000000000000000000000000000000000000000000000000000000000000000000000000000000000000000000000000000000000000000000000000000000000000
0000000000000000000000000000000000000000000000000000000000000000000000000000000000000000000000000000000000000000000000000000000000000000000000000000000000000000000000000000000000000000000000000000000000000000000000000000000000000000000000000000000000000000
0000000000100000000000000000000000000000000000000000000000000000000000000000000000000000000000000000000000000000000100000000000000000000000000000001000000000011000010000000000000000000000000000000000010000000000000000000000000010000000000000000000000000000
0000000000000000000000000000000000000000000000000000000000000000000000000000000000000000000000000000000000000000000000000000000000000000000000000000000000000000000000000000000000000000000000000000000000000000000000000000000000000000000000000000000000000000
0000000000000000000000000000000000000000000000000000000000000000000000000000000000000000000000000000000000000000000000000000000000000000000100000000000000000000000000000000000000000000000000000000000000000000000000000000000000000000000000000000000000000000
0000000000000000000000000000000000000000000000000000000000000000000000000000000000000000000000000000000000000000000000000000000000000000000000000000000000000000000000000000000000000000000000000000000000000000000000000000000000000000000000000000000000000000
0100000000000000000000000000000000000000000000000000000000000000000000000000000000000000000000000000000000000000000000000000000001000000000000000000000000000000000000000000000000000000000000000000000000000000000000000000000000000000000000000000000000100000
0000000000000000000000000000000000000000000000000000000000000000000000000000000000000000000000000000000000000000000000000000000000000000000000000000000000000000000000000000000000000000000000000000000000000000000000000000000000000000000000000000000000000000
0000000000000000000000000000000000000010000000000000000000000000000000000000000000000000000000000000000000000000000000000000000000000000000000000000000000000000000000000000000000000000000000000000000000000000000000000000000100000100000000000000000000000000
0000000000000000000000000000000000000000000000000100000000000000000000000000000000001000000100000000000000000000000000000000000000000000000000000000000000000000000000000000100000000000000000000000000000000000000000000000000000000000000000000000000000000010
0000000000000000000000000000000000000000000000000000000000000000000000000000000000000000000000000000000000000000010000000000000000000000000000000000000000000000000000000000000000000000000000000000000000000000000000000000000000000000000000000000000000000000
0000000000000000000000000000000000000000000000000000000000000000000000000000000000000000000000000000000000000000000000000000000000000000000000100000000000000000000000000000000000000000000000000000000000000000000000000000000000000000000000000000000000000000
0000000000000000000000000000000000000000000000000000000000000000000110000001000000000000000000000000000000000000000000000000000000000000000000000000000000000000000000000010001001000010000000000000100000000000000001000000001000000000000000000000000000000000
0001000000000000000100000000000000000001000010000000000101000010100100000101000000001101001000010000000001100100000000000100110000100001010010001000000000001000000100000100010010001000000000110010100000101010001000000100010010101000000000100111000011000000
0000000000000000000000000000000000000000000000000000000000000000000000000000000000000000000000000000000000000000000000000000000000000000000000000000000000000000000000000000000000000000000000000000000000000000000000000000000000000000000000000000000000000000
0000000001000000000000000000000000000000000000000000000000000000000000000000000000000000000000000000000000000000000000000000000000000000000000000000000000000000000000000000000000000000000000000000000000000000000000000000000000000000000000000000000000000000
0001110010100000100000000000000000000000000100010110000000010100000000000101000000001000001101001000101100100000000001000000001001000001100010000010100100000100000110001001010010000000100000000011000000000000100000000100010110000111000100010010001110100000
0010010100000101000100010101011010011000010100110010010100011100000010101100000000110000000000000010010010010000000000111100000000010100100000111100101000000101100000011010000011101111011000100000000001110000100010010100101000101000001000000000000000000010
0000000000000000001111101011101111111111101011110000000011100000011000000000000000000000000000001000000000000000000000000000000010111100011110011110101101100000001110110111101111111100111011110001010001111001000000001010110001111110000000000000011000000000
0000000000000000111010111011011111001001001011011010001011001111010010001110011000010100000010010000010000000000000000000000000010110001000010010000000000000000000000000000000000000000000011001011100011111001101101101100101100000000000000000000000000000000
0000000000000000000011000000000000000000000000000000000000000000000000000000000011000100000011000000000000000000000000000000000000000000000000001011111100011100000000000000000000000000000000000000000000000000110001001010110000000000000000000000000000000000
0000000000000000100101100100100000000000000000000000000000000000000000000000000011111011010110110000000000000000000000000000000000000000000000000100101001111011000000000000000000000000000000000000000000000000100010110111000000000000000000000000000000000000
0000000000000000000111010000001000000000000000000000000000000000000000000000000001111011101010000000000000000000000000000000000000000000000000000100011011100000000000000000000000000000000000000000000000000000010000100001111100000000000000000000000000000000
0000000000000000001011100000101000000000000000000000000000000000100101000010010011000000000000000000000000000000000000000000000010001100000111100000000000000000000000000000000000000000000000000000000000101010000000000000000000000000000000000000000000000000
0000000001000110111101000001111000101010010011110001111110101000110010110000111011010001100110001111000010001110101111001010110111100100111101000000010101000000000100101100001001000010010001110111101100000100000100100100110001001010011110000100000000000000
0000000000000000110000000100000010000110010011100111101101001100110010111001110100011100010101011011100100000111101101011001010011000000001010100011111101000111101111100010011111111110101110110011010111001011110101011111111100000000000000000100000000000000
0000000000000000000000001000000000110010000001001100110011110111011010011010110111101111110111110101011110110000110001100001000100101000011001011000111000110000011101110010001011001100000100000010011111011111100111101000010100100111001100010000000000000000
0000000000000000000000000100000011110000001001111000011000001000011000111001110011000110011010010000000100000101000010011011000110011110110000111001000110010100000010110111101011110111111111111100101010011001001100100000111010111101001111110000000000000000
0000000000000000011000000010101011001110011111110000100000000000011000100100101010111000010100111111011100000000010001000011001101111110011010011110000100001110101100110010111011111110111110101101110000011111101011101111100000000000000000000000000000000000
0000000000000100000000000000000011110111011111011001011111011111101110111001111101111001100100000100110110000101001111011101001100001000010011000001110011011111000001011100000000011001000111000000000000000000000000000000000000000000000000000000000000000000
0000000000000000001111101110111100000110011001101000011011001110100100010000001110110100001110010010100000110110111110100100000100000000000000000101110000000000000000000000000011010011000000000000000000000000010110010000000000000000000000000111001000000000
0000000000000000100000000000000000000000000000001011010000000000000000000000000011011101000000000000000000000000011101010000000000000000000000001101101000000000000000000000000000000000000000000000000000000000000010000000000000000000000000000000000000000000
0000000000000000000111110000000000000000000000000011100000000000000000000000000001110111000000000000000000000000011111110000000000000000000000001101010100000000000000000000000000000000000000000000000000000000001011010000000000000000000000000101000000000000
0000000000000000011001110000000000000000000000001110011000000000000000000000000011111111000000000000000000000000111111110000000000000000000000001111011100000000000000000000000011011010000000000000000000000000010000010000000000000000000000001000011100000000
0000000000000000111010110000000000000000000000000001011100000000000000000000000001010110000000000000000000000000101100110000000000000000000000000000111100000000000000000000000000010001000000000000000000000000001111110000000000000000000000001111011000000000
0000000000000000011111010000000000000000000000001111011100000000000000000000000011100000000000000000000000000000000010000000000000000000000000000100000100000000000000000000000011010011000000000000000000000000101011000000000000000000000000001111111100000000
0000000000000000111111000000000000000000000000001111111100000000000000000000000011000001000000000000000000000000000111100000000000000000000000001110111100000000000000000000000011110111000000000000000000000000011111000000000000000000000000001111110100000000
0000000000000000000100010000000000000000000000000001000100000000000000000000000010000000000000000000000000000000001011100000000000000000000000000011111100000000000000000000000011111111000000000000000000000000100100100000000000000000000000000010010000000000
0100000000000000000000000000000011111001000110100000000000000000000100000010011001001000010000101001000010100000100000010111111011001011010001111000110010010011101100111010111011111111110000011000000000000000000000000000000000000000011100000100000000000000
0000000000000000000000000000000000000000000000000000000000000000000000001000000000000000000000000000000000000000000000000000000000001111000000000000000111000111100001100101100100100111000101000100011100001001000000100000000001111110000000000010010001000000
0000000000000000101001110110101000100001000001000100100100000101110110111010001010010001100010010000110100000000010001010000001000000000001010000001000011100000000010011000000000000000000000100000000000000000000000000000000000000000000000000000000000000000
0010000001000000011000101110100101001001110001000111000100001001011111100000110001000000000000000100100000010100011001111000010001111111000011011000000000100000110101111111011110011110110111010011010000000110111000000010000001001001110100100100000000000000
0000001000000000110011111001010000001000101000001110000100011001010010100000000000000001100000000100010010000100000000101001000000011000100000001000001000000100011000011000110101010000011010000111000000000000010010100000000010000000000000001000000000000000
1010000000000000001010110011000000101111111101111010000010001010000000000000010000001111111000010000100010100101110000110100100100001001000110000110110100000000110111010001000000000000000000011111001101000101100100001010000000011000001101100000000000000010
0000000000000000000000000100000000000000000000000000000000000000101000010100000000000101000010001010010000011000000100001000000000101000000001000100010001000010000111000000000000100110000000110101010110000000010100000001000010010000000000000000000000000000
0000000000000000011101010011110000000000000000000000000000000000010101001011011011001101010010000000000110010011100001111111111101101000000000000000000000000000000000000000000000000000000000000000000000000000000000000000000000000000000000000000000000000000
0000000000000000010000000000000010000000010001100000000001100000011100100100000010010100000000010000000000010000000000011010100000011100010100000000000000000000010010000110100010011000000001010100000000000000000000000000000000000000000000000000000000000000
0000000000000000000000000000000001111000101000001000100111001001101010000001000000000010000000000000010000001000000010000001000000011000010000000011000000010001000000000000000010100010001111000000000000000000000000000000000000000000000000000000000000000000
0000000000000000100000001000000011110001001111110110000010001111110011100010100101111100000110000100001000001011010011001100110000000000000000000000000000000000000000000000000000000000000000000000000000000000000000000000000000000000000000000000000000000000
0000000000000000000000000000000000000000000000000000000000000000000000000000000000000000000000000000000000000000000000000000000000011010010010100111010100101111101100000000001001000100000110100011010100000100001000010000000100000101111110100000000000000000
