0100000100000000100000000000000001001000000111000000010000001101000000000100001001010000100000000100000000100000000101000100100000000010100000010000010000100010000101000000000010000000000000000010100000011000000000010000000000010000100000100000000000010100
0000000000000000000000001010000010000000000000000010000000000000000000000000000000000000000000000000000000000000000000000000000000000000000000000000000000000000000000000000000000000000000000000000000010000000000000000000000000000000000000000000000000000000
0000000000000000000000000000000000000000000000000000000000000000000000000000000000000000000000000000000000000000000000000000000000000000000000000000000000000000000000000000000000000000000000000000000000000000000000000000000000000000000000000000000000000000
0000000000000000000000000000000000000000000000000000000000000000000000000000000000000000000000000000000000000000000000000000000000000000000000000000000000000000000000000000000000000000000000000000000000000000000000000000000000000000000000000000000000000000
0101000100010011100000000100000101000000001000000100000001101000000000000001000000000000000000011000001001001000000000000000000010100000000010000100000000011100000100000000000100000000100000000000000000000000000000000000000000000000000000010000000000000000
0000000000100000000010000000101000000000000000000000000000000010000000000000000000000000000000000000000000000000000000000000000000000000000000000000000000000000000000000000000000000000000000000000000000000000000000000000000000000000000000000000000000000000
0000000000000000000000000000000000000000000000000000000000000000000000000000000000000000000000000000000000000000000000000000000000000000000000000000000000000000000000000000000010000000000000000000000000000000000000000000000000000000000000000000000000000000
0000000000000000000000000000000000000000000000000000000000000000000000000000000000000000000000000000000000000000000000000000000000000000000000000000000000000000000000000000000010000000000000000000100000000000000000000000000000000000000000000000000000000000
0100010010000000100000100100110001000000000010000010000001100000100110000000000001000010010000000001000000000000100000000000100000000000100100000000000000001000001000000010000000000000000000000000000000000000000000000000000000000000000000000000000000000000
0000000000000000000000000000000000000000000000000000000000000000000000000000000000000000000000000000000000000000000000000000000000000000000000000000000000000000000000000000000000000000000000000000000000000000000000000000000000000000000000000000000000000000
0000000000000000000000000000000000000000000000000000000000000000000000000000000000000000000000000000000000000000000000000000000000000000000000000000000000000000000000000000000000000000000000000000000000000000000000000000000000000000000000000000000000000000
0000000000000000000000000000000000000000000000000000000000000000000000000000000000000000000000000000000000000000000000000000000000000000000000000000000000000000000000000000000000000000000000000000000000000000000000000000000000000000000000000000000000000000
0100000000000000100000000000100000100011000100000000001010000000000000100000000000000000000000000010000000000000101000100000101000000001000000000000000100000000100000001000001001000000101000000000010000001001000000100000000000000000010000000000000001000001
0000000000000100000000000000001110010000010000000000000100100000001000100000000000000000010000000000001000000000000000000000000000000000000000000000000000000000000000000001000000000000000000000100000000000000000000000000000000000000000000000000000000000000
0000000000000000000000000000000000001000000000000000000100000000000000000000000000000000000000000000000000001000000000000000000000000000000000000000000000000000000000000000000101000100000100000000000000000000000000000000000000000000000000000000000000000000
0000000000000001010000000000000000000000000000000000000010000000000000000000000000000000000000000000000000000000000000000010000000000000000000000000000000000000000000000000000000000000000000000000000000000000000000000000000000000000000000000000000000000000
0101100000001100001000000000000010001000000010000001000011000000010010110001010000100000000001010000000101110000000000100000000000010000100000000100000000001000010010000110110000000000001000000001000000000000010000000000000000000001100001000000000000000000
0110000000000000000000000000000000001000000001000000000000000000000000000000000000000000000001010000000010000000000000000000000000000000000000000000000100000001010010000000100000000000000000000000000000000001000001001000000000100000000000000001100000001000
0100000000100000100000001000010000000000100000001010000000000000100000000000001010000000000000000000000000000000000000000000000001100000010000000000100000000000000000000001000000011000100000001000000001000000000000000000000000000000000000011000000100000100
0100000000000000000000000000000000000000000000000000000000000000000000000000000000000000000000000000000000000000000000000000000000000000000000000010000000000000001000000000000000000000001000000000000000000000000000000000000000000000000000000000000000000000
0100000000000000010000000000100000000010001001000000001000101110000001001000000001000000000100000000000000001110000000001101010000010000000000100001000000000110100000001000000000000000000000000010000010000000100010001000101000011000110000100000000000000010
0100100011000000110000010000010100000001001001000000000000011010000000000000000000011000000000000000100111000000000100110000000001100000000000000101001000000001000100011000100000000000100000001101010001000000000000001001010000000000000000000000000000100000
0000100011001001000100000000000111000010000000000000000000000000000000000000000000000000001000000000000000000001000000000000100000000000000000000000000000010010000000000000000000000000000000000000000000000000000000000000000000010000000000000000000000000000
0000000000000000000000000000000000000000000000000000000000000000000000000000000000000100000000000000000000000000000000000000000000000000000000000000001000000000000000000000000000000000001000000000000000000000000000000000000000000000000000000000000000000000
0000000000000000000000000000000000000000000000000000000000000000000000000000000000000000000000000000000000000000000000000000000000000000000000000000000000000000000000000000000000000000000000000000000000000000000000000000000000000000000000000000000000000000
0000000000000000000000000000000000000000000000000000000000000000000000000000000000000000000000000000000000000000000000000000000000000000000000000000000000000000000000000000000000000000000000000000000000000000000000000000000000000000000000000000000000000000
0000000000000000000000000000000000000000000000000000000000000000000000000000000000000000000000000000000000000000000000000000000000000000000000000000000000000000000000000000000000000000000000000000000000000000000000000000000000000000000000000000000000000000
0000000000000000000000000000000000000000000000000000000000000000000000000000000000000000000000000000000000000000000000000000000000000000000000000000000000000000000000000000000000000000000000000000000000000000000000000000000000000000000000000000000000000000
0000000000000000000001110110001101100001011000001100000111000001010000000100001001100001110000011100000111000001110000010000000001000100010000001101000001000100010000000111111101000100110101100100010001000000010100000110110101000100010001000110010001000000
0000000000000000000000000100010000000000000000000000000000000000010001000000000000000000000000000000000000000000000001000000000000000000010001000000000000000000000000000000000000000000000000000101000000000000000000000000000000000000000000000000000000000000
0000000001000000010000010100000101000001010000010000000001000001010000010100000101000001010000010100000101000001010000010100000101000001010000010100000101000001010000010100000101000001000000000000000001000001010000010100000101000001010000010100000100000000
0100011001000001000001101100000100000000011000010110000100000110010010001100000101000000010001000000000000000000011001000000010001100100000000000100000000000000011000000100000001000000011001000100000001001101011000000110000101100001010001111101011001000110
0100101000100000100000000000000100000100000000000000100010001001001000000000000001010000000000000100000000000110000000000000001000000000000100000000100000010010010110000100001100000000000000000100000000000010010011101000000000001011000000000000000000001100
0000000010000001000110000010000000000010000000000000000000000001000000000000000000000000000000000000000000000000000000000000000000000000000000000000000000000000000000000000000000000000000000000000000000000000000000000000000000000000000000000000000000000000
0000000000000000000000000000000000000000000000000000000000000000000000000000000000000000000000000000000000000000000000000000000000000000000000000000000000000000000000000000000000000000000000000000000000000000000000000000000000000000000000000000000000000000
0000000000000000000000000000000000000000000000000000000000000000000000000000000000000000000000000000000000000000000000000000000000000000000000000000000000000000000000000000000000000000000000000000000000000000000000000000000000000000000000000000000000000000
0100011000100000000000101000000010000000000010100000010010000101000000000000010000000000001000000000001000000000000100000000000000000000001000010000000000000000000000000000000000000010000000000001000000000010000000000000000000001000000100000000000000001000
1000000001000000000000000000000010000000000000000000000000000100000000000000000000000001000000000000000000000000000000000000000000000000000000000000000000000000000000000000000000000000000000000000000000000000000000000000000000000000000000000000000000000000
0000000000000000000000000000000000000000000000000000000000000000000000000000000000000000000000000000000000000000000000000000000000000000000000000000000000000000000000000000100010000000000000000000100000000000000000000000000000000000000000000000000000000000
0000000000000000000000000000000000000000000000000000000000000000000000000000000000000000000000000000000000000000000000000000000000000000000000000000000000000000000000000000000000000000000000000000000000000000000000000000000000000000000000000000000000000000
0101000010000000001000000000000010101000000000000000000010000010000000001000000011001100000001010000100000000000000000000000000000000000000000000100000000000000000001100000010010000000000000000000000101000000100000000000000010000000000000000000000000000000
0100000001000000000010110001000000000000100000000000000100000000010000000000000000000000000000010000000000000000000001000000000000000000000000000000000000000000000100010000000000000000000000000000001000000000000000100000000000000000000001000000010000000000
0100000100000000000010000010000000000100001000000001000011000000000001000000000010000010001010100100000000000000010000100000000010000000100110000000000000010100000000000000000000010000010100000000001010000000010000001000000110000010100000001000000000000000
0111010000100001000001000001010000000000100101000000001000000001000000000100100010100001100100001000010000000000000000001001101100000100000000010100000100011000100111100000100101100000000000000000000000000000010001000000000010000100010010010010000011101010
0100001000100000010000000000100000000010000000000001000000000000000000000000100000000010000000000000000000000000000000000000000000000000000000000000000000000000000000000000000000000000000000000000000000000000000000000000000000000000000000000000000000000000
0110000000011000100000011000000000110000001000000000000000000000000000000000000000000000000000000000000000000000000000000000000000000000000000000000000000000000000000000000000000000000000000000000000000000000000000000000000000000000000000000000000000000000
0100000000001000100000000000010000000100000000000000010100001001010000000000000001000000000000000000000000000000000000010000000011000000000000000001011000000000000000000000000100000000001000000000000011000001100010001001010010001000000000000000100010010000
0100000000000010100001000000001010000000000100000010000000000010000100000000000000000010110000100000000010000110010010001010010000000000010010000000000000000000100000100000000000100000000000010010100000000100000010000001000000010000000000000000000000000000
0100000010000000000000001001011000000000000000010000000000000001000110010000000000000010101110000001010010000000000000000000010000001100000000100000000100000100000010000000000000001000001000000101000000000001001000001010000000000001000000001010001000000000
0000101000001001001000000010010010000010000000001000010000000010000010100000100000000000000100000000001000000000000001001001010100111100000000000010100110000000000000000000000000000000000000010000000100101000000000001100001010000000010010000000010000000000
1000000000001000000000000000000000000000000001000000000000000000000000000000000000000000000000000000000000100000000000000000000000000100001000000000000000000000000100000000000000000000000000000000000000000000000000000000000000000000000000000000000000000000
0000000000000000000000000000000000000000000000000000000000000000000000000000000000000000000000000000000000000000000000000000000000100000000000000000000000000000000000000000000000000000000000000000000000000000000000000000000000000000000001000000000000000000
0100000000100100100000010001000000000101000000010001010001000000001010000000011000000000000000000100000000000110000000000000000100000010000000000000000000101000110000011000100000001001000000000000100001000101000000010000001000000001000000000000000000000000
0000000000000000000000000000000000000000000000000000000000000000000000000000000000000000000000000000000000000000000000000000000000000000000000000000000000000000000000000000000000000000000000000000000000000000000000000000000000000000000000000000000000000000
0100000000000001101000010001000100000000001000000011001010001000010110000000100000001001010000100001110100001100000000000000100001000000100000111000111100100010001100001000011100011000000101010000001001000100010000000100010000000000010010001000010000100001
0110000000000000110001000001000000000000000000000000010000000101000010001000000000001100010000000000000000000000000000000001100010000100010000000000000000010000001001000001000000000000000000000000000000000000000000000000000000000000000000010000010000000100
0100001000010010001101010000000010010000001100010010001000000000110000010000001000010000000000000000001000000000001000000000001000100010100000000000001000000101000000000000000000000100010000001000100001000010000000000100101000100000100000000000100000000000
1010010000100000010000000000000000000000100000000000100000010010000000000000000000010000000000000001001000000000001000010000000000000000000000001000000000000000000000000000000000100000000000000000000000000000000000000000000000000000000000000000000000000000
0000000000000000000000000000000000000000000000000000000000000000000000000000000000000000000000000000000000000000000000000000000000000000000000000000000000000000000000000000000000000000000000000000000000000000000000000000000000000000000000000000000000000000
0000000000000000000000000000000000000000000000000000000000000000000000000000000000000000000000000000000000000000000000000000000000000000000000000000000000000000000000000000000000000000000000000000000000000000000000000000000000000000000000000000000000000000
0110000001000000000000001010100000001000000101001010000010000000000000110000000000000001001010100010100000000100000000000100010000000100010000001000100100000001000001000000000000001000110000100000000000000001000000000010101010000000001100001000000000000000
0000000000010101010011000001010000000010001010010001001000000000000000000100100000100011000000010010100010000010000000010000010000000000011000000001000010000000000101000000111001000000001000110000000000000001000001000000000000000010000000000000000000001000
0100000000000010000000000000000100000000000001000010011000000000001001010100100100100000010000100100000000000000001000000010000001000000000000000100000001010000000100000100101010001001000000000000000001001000000000000000000000000000000011001100000011000000
0100000010001011000000000000001110001000000000000010000000010001000001100010000000000010000000000000000001000000000000000000010000010010010000000000000000110000000000000010000000000000100010001000000000000000100001000000000000000000010010000100000001000000
0110000000100000000000000010000001010000000001000000000000000010010001001000000000000100000000000000010110000100001000000000000000000000000000000000000000000000000000000100001000000000010000000000010010000000000000000000000000000000000000000000000000000000
0000000000000000000000000000000000000000000000000000000000000000000000000000000000000000000000000000000000000000000000000000000000000000000000000000000000000000000000000000000000000000000000000000000000000000000000000000000000000000000000000000000000000000
0110000000010000000000100000001000000001001000001000000000001001000000100000000100000000000000000000000000000000000000000000000000000000100000000001000000000000000000000000000000000000000100000001000000000000000000000000000000000000000000010010000010000000
0000000000000000000000000000000000000000000000000000000000000000000000000000000000000000000000000000000000000000000000000000000000000000000000000000000000000000000000000000000000000000000000000000000000000000000000000000000000000000000000000000000000000000
1101000001000100010000000110010101000100010001000000010001010111010000000000010001000100010001000110010010000100010000000101010000000100010001000100000001000100011001110000010001010000010011110111011001000100010001000100010000000100010001000000000001000100
0111000001000100010001000101010101000000100000000000000000000001000001000100110101000000010000000100000011011101110111010000010001001111000100000100010001000111010000001101010001000100110101000000000000000000000000000000000000000000000000000000000000000000
0110100000000000000000000000000000000000000000000000000000000100000011010100000111010100111101001101000000000000110101011101000001100100001100000010000001101101110111011101010011010101011111010100000100000110110111011101000011010110110111010101100111010000
0100011101100000000001010100000000000100111111010000010101001111000000000101011001000100010000011101110100001101000001100111110101111101000000000000000001000000111101000000010001110110011000010100000001111001000000000000000100000000010010001101111111011101
0110000000001000010000000000000000000000100000000100000001000000000010010000000010000100100100010100000000010100000000000000010000000001000001000000000000000000000000000001000000000000000000000100000000000000000000000000001000000000000000000000000000000000
0000000000000000100000000000000000000000000000000000000000010000000000000000000000000000000000000000000000000000000000000000000000000000000000000000000000000000000000000000000000000000000000000000000000000000000000000000000000000000010010000000000000000000
0000000000000001000000000000000000000000000000000001000000000000000000000100000000000000000000000001000000000000000000000000000000000010000010000000000000000000000000000000000000000000000000000000000000000000000000000000000000000000000000100000000000000000
0000000000000000000010000000000000000000000000000000000000000000000000000000000000000000000000000000000000000000000000100000000000000000000000000000000000000000000000000000000000000000000000000000000000000000000000000000000000001000000000000000000000000000
0110000001000000000100000000000010000000000000000100000000000100000000000000000110000000010000000000000100000000000000011000000100001001001000000000000000001000000000000000000000000000000000000000000000001000000100000000000100001000000000100000000000000000
0000000000000000000000000000000000000000000000000000000000000000000000000000000000000000000000000000000000000000000000000000000000000000000000000000000000000000000000000000000000000000000000000000000000000000000000000000000000000000000000000000000000000000
0000000000000000000000000000000000000000000000000000000000000000000000000000000000000000000000000000000000000000000000000000000000000000000000000000000000000000000000000000000000000000000000000000000000000000000000000000000000000000000000000000000000000000
0000000000000000000000000000000000000000000000000000000000000000000000000000000000000000000000000000000000000000000000000000000000000000000000000000000000000000000000000000000000000000000000000000000000000000000000000000000000000000000000000000000000000000
0001010010000000000000000000000000000000000100001000000000000001000010100000000000000100001000000000110000000000000100000000000000000000000000000000000000000000000000000000000000000000000000000000000000000000000000000000000001010001000000100000000100000010
0000000000000000000000000000000000000001000000000000000000000000000000000000100000000001000000100000100000000000000000100000000000000000000000000000010000010001000000000000000100000000100000000001000000000000000000000000000000000110011000000000000000010000
0000000010000100000000000000000000000011000100000000000000010001000101000000000001010000000000000000000000000000001001000000000000000000100000000110100000000000010000000000000000000000000100000000000000000000000000000000001000100000000000000000000011000000
0100010001000000001000000000000100000000000000001000000000000000000000000000000000000000000000000000000000000000000000000000000000000000000000000000000000000000000000000000000000000000000000000000000000000000000000000000000000000000000000000000000000000000
0100000000011000000110000000000000000001000000010000000001000000100000000001000000000010000000000000000010010000000000000000000000001001000000000000000000000001000000000000000000100000000000000000000110000000000000000000000100000000000000000000000000000000
0000000000000000000000000000000000000000010000000000000000000000000000000000000000000000000000000000000000000000000000000000000000000000000000000100000000000000000000000000000000000000000000100000100000000000001000000000000000000000000000000000000000000001
0001000000000000000000010000000000000000000000100000000000000000000000000000000000000000000000000000000000000000000000000000000000000000000100000000000000000000000000010000000000000000000000000000000000000000000000000000000000000000000000000000000000000000
0000000001000000000000000000000000000000000000000000000000000000000000000000000000000000000000000000000000000000000000000000000000000000000000000000000000000000000000000000000000000000000000000000000000000000000000000000000000000000000000000000000000000000
0100000000000001000000000000000000000001000000000000000100000000000000000000010000000000000000000000000000100000000000000000000000000000000000000000100000000000000000000000000000000000000001100000000000000000000010010000000000000000010000000000001000000000
0100000000000010000000100000010000000000000000101000000000010001000000000000000000000000000011000000010000000001000001000001000000010010000011110000001000100000100011100001000001000000010101111000100000000010001100000010010000000010000001001000010010000000
0101101000001010010100001010100000000100001000000100000000000100000000000000101010111000000000001000000100001001000100001101000000000000001001010000100001110000100000000101101000001000001100100101010000010100100101010000000000100010100000101000000000001010
0100000000000000000000000000000000000000010001000000100000010100011000000000000100000000000000000000001000000000000000000000000000001000100000000000000010000000000000000000000000001000000000000000000000100001000000000000000000000000010000000001100000000000
0100001000000010000000001001000000000000000000000000000000001000000000000000000101110001000000101000000000001000010010100110000111000001000000010010000100000001001010000000000000010000000000001100000010001000110000010000010011000000101000000000000000000000
1000010000000000000000000100001001000001100100000000000000000001000000000001000000000000000000000000000000000010000000000000000000011000000000000100000100000000110000001000000000010000000000000000000000000000010000001100010000000000000001000000001100010000
0000000000000000100000000000000000000000010000000000000001000000000000000001000000000000000000000000000010000000000010000000000010000000000000000000000000000010000000000000000010000000000000000000100000100000010000000010000100000010001000000000000000000001
0000001000000000000000000000000000000000000000000000010000000000000000000000000000001000000000000100000000000001000000000000000000000000100000000000000000000001000000000000000000010110010000000000000000000000000000000000000000000000000000000000000000000000
0100000000010000000000000000010000000000000000000000000000000001000000000010000000110000101000000001000100000010000001000000000001100000010000000001000000000010100000000000000011010100000000000000000000000100000010000000000000000001000000000010100100000000
0010000000000000100001000110010000000000100000000010000000000000000000100000000000000000000000000000000010000000000000000001001010000000010000000000000000000010000000000000000010000100000100000000000000000010001001000001100000000000000000000000101000001000
0000000000000000000000000000000001001000000000000000000000000000001011000000000100000000000100000000000000000000000010000000000000000000000000000000000000001000000000000000000000000000000000000000100000000000000010000000000000000000000100000000000000000000
0000100000000001000000000000000000000000100000000000000000000000000000000000010000000001000000001000000010000000000000000000000000000000100000000000000000000000000000000000000000000001000000000000000000000000000000000000000001000000010000000000000000000000
0110000000101000000000100100000100000101000000000110000000101000000101000000000011001100010000000000000001000010100100010000000000000000000000000000000000000000000001000000000000000000000000010000100001000000000000010000000000000000000000000000000000000000
0000000000000000000000000000000000000000000000000000000000000000000000000000000000000000000000000000000000000000000000000000000000000000000000000000010000000000000000000000000000000000000000000000000000000000000000000000000000000000000000000000000000000000
0000000000000000000001000000000000000000100000000000000000000000000000000000000000010000000000000000000000000000000000000000000000000000000000000010000000000000000000000000000000000000000000000000000000000000000000010000000000000000000000100000000000000000
0000000000000000000000000000000000000000000001100000000000000000000000000000000000000000000000000000000000000000000000000000000001000001000000000000000000000000000000000000000000000000000000000000000000000000000000000000000000000000000000000000000000000000
0100011000000000110000000000010100110010110010000000110100100000000000000000001001000000000000000000000010010000000000001000010000000000000010000000000000100110010000000010000000000000000000000010000000001000000000000000000000000000000000000000000000000000
0001000000000000000000010000000000000000000000000010000000000000100100000000000000000000000000000000000000000000000001000000000000000100000000000000000000000001000000000000000000000000000000000000000000000001000000000000000000000000000000000000000000000000
0000000000000000000000000000000000000000000000000000000001000000000000000000000000000000000100000000001000000000000000100000000000000000000000000000000000000000000000000000000100000000000000000000000000000000000000000000000000000000001000000000000010000000
0000000000000000000100000000000000000000000100000000000000000000000001000000000000000000001000000000000000000000000000000000000000000000000000000000000000000000000000000000100000000000001000000000000000000000000000001000000000000000000000000000000000000000
0100000010000010000000010000000000000100001100010001010000000000000100100000000011001000000000101001000001000010000000000000000000000100000000001000010000000000000000000000000000010010000000000000000000000000000000000000000000000000000000000000000000000000
0000000000000000000000000000000000000000000000000000000000000000000000000000000000000000000000000000000000000000000000000000000000000000000000000000000000000000000000000000000000000010000000001000000000000000000000000000000000000000000000000000000000000000
0110000000000000010000000000000000000000000000000000001000000000000000000001100000000000000010000000000000010000000000100100000011000000000000100000000001000000110000000000100100000100000000000000000000000100000000010011000001000000000000100000000100100100
0000000000000000000000010000001100010000000000000000000000001000000000000000000000000000000000000000000000000000000000000000000000000000000000000000100000000000000000000000000000010000000000000000000000000000000000000000000000000000000000000000000000000000
0100100100110000000000100001011000000000000001000000000100010000000010010010010111010000000000000100000000100100000000101001000000000000000000000000100010001000010100000000110101001000000000001000010100000000000000000001000000000001001100110000000000000000
0000000001011000000000010010000010000000000010000100011101000000000000100000001001010000010000000001001001000000010000000000100010100000000001000000000100010010000010000000000000001100000000001100000010000000000000001010000000000000000000000000100000000000
0000000000000000000000000000000000000000000000000000000000000000000000000000000000000001000000000000000000000000000000000000000000000100000000001000000000000000000000000000000000000100000000000000000000000000000010000000000001000000000010000000000000010001
0000000000000100000000000000000000000000000000100000000000000000000000000000000000000000000000000000000000000000000000000000000000000000000000000000000000000000000000000000000000010000010000000000000000000000000000000000000001000000000000000000000000000000
0100000000000100001011000000000000001001010000000100000010000000010001000000000000010000000100100000000000000000010100010000000001000000000000000100000111001000000001000000010000001000000000000000000000000000001100100001100000000000000000000011010100100001
0000000100000000000000000000000000010010000010000000010010011000000010000000100000110000000100000000000000000100000000000010000000000000000000000000100000000000000000000000000000000000000000000000000000000000000000000000010000000000000000000000000000000000
0100000000000000000000000000000000000000000000000000000000000000000000000000000000000000000000000000000000000000000000010000000000000000000000000000000000000000000000000000000000000000000000000000000000000000000000000000000000000000000000000000000000000000
0000000000000000000000000000000000000000000000000000000000000000000000000000000000000000000000000000000000000000000000000000000000000000000000000000000000000000000000000000000000000000000000000000000000000000000000000000000000000000000000000000000000000000
0100010000100000000001000000000010001100000000000001010000101000010100000001001000000000000010000100000000100100000000000000000000000001000000000000000000000000000000000000000000000000000000000000000000000000000100001000000000000000000000000000010000000000
0000000000000000000000000000000000010000000000000000000001000100000000000000000000000000000000000000001000000000000000000000000000000000000000000000000000000010000000000000000000000000000000000000000000000001000100000000000000000000001000010000000000000000
0001000000001000000000000000000000000000000000000000000000000000000010000100000000000000000000000000000000000000000000000000000000000010000000000001000000000000000000000100000000000000000000000000000000000000000000000000000000000000000000000000000000000000
0000000000010000000000010000000000000000000000000000000000000010000000000000000100000000000000000000000000000000000000000000000000000000000000000000000000000000000000000000000000000000000000000100000000000000000000000000000000000000000000000000000000000000
0000000000000000000000000000000000000000000000000000000000000000000000000000000000000000000000000000000000000000000000000000000000000000000000000000000000000000000000000000000000000000000000000000000000000000000000000000000000000000000000000000000000000000
0000000000000000000000000000000000000000000000000000000000000000000000000000000000000000000000000000000000000000000000000000000000000000000000000000000000000000000000000000000000000000000000000000000000000000000000000000000000000000000000000000000000000000
0000000000000000000000000000000000000000000000000000000000000000000000000000000000000000000000000000000000000000000000000000000000000000000000000000000000000000000000000000000000000000000000000000000000000000000000000000000000000000000000000000000000000000
0000000000000000000000000000000000000000000000000000000000000000000000000000000000000000000000000000000000000000000000000000000000000000000000000000000000000000000000000000000000000000000000000000000000000000000000000000000000000000000000000000000000000000
0110001000000001001000000010100100000001000000000010010010110000000010110000000010101000010000000000000110010000010010001010001000000100100000000000000000001000000000000000000000000000110010000000011100000100000100100011010100000000010000000000010000000001
0000101000001010000000000000000000000000000000000000001000000000000000000000000000000000000000000000000000000000000000000000000000000000000000000000000000000000000000000000000000000000000010000000000000000000000000000000000010000000000000001000001000100010
0000000010000000000000000001000000000000000000000000000000000000000000000000000000100000000000000000000000000000000000000000000000000000100000000000000000000000001000000000000000000000000000000000000000001000000000000000000000000000000000000000100000000000
0000000000000000000000000001000000000000000000000000000000000000000000000000000000000000000000000000000000000000000000000000000000000000000000000000000000000000000000000000000000000000000000001000000000001000000000000000000000000000000000000000000000000000
0100000000000001010000000000000000000010010000000000101110000010100000010001000000000100000110001001000000110000110001001001010000000000000001000000001000100000100000000010011000010000001000000100001000001000000000100001011000000000000100010000001001000100
0100000000000010000000000010000000010000000000000000100000000000000000000100100100000000010000000000010010000100000000001000000010100001000010001000000000000000000010001000000000000010000001000000000000000000010000001000010000110010000110001000101000011000
0100000110001100000010000000100001010100100001000000101000010000000000000000000001000100000000000001000101000100010000000001000000000011000100000100010100000000101000100100000100000001000000000000001000000100001001000000001000000110100000001101001000001100
0101000000001000010100001000000010000100000100000000010001100000000000000000100000000011000010000001100000000000001100010000000000000101000100000000100000000000010000000000000001000000000010110000000000011000010000100100000011010000000000000101100000000000
0001100001000000000000000000000000000100000000000000000000000000000000010000000000000001000000000000000000100001000000000000000000000000000000000000000000000100000000000000000000000010000000000000000000000000010000000000000000000000000000000000000000000000
0100000000000000000010011010100000000000000100000000000001000000000000100000000010000000000000000000000000000000000000000000000000000000000000000000000000000000000000000000000000001000000000000000010000000010000000100000000000100000000000000000000000001000
0101000000010010000000000100010000010000000000000010000000000000000000010110000000000000000000100000000000101100001010001100000000000000000100000000000000000001100100000000000000010000000001000000010000010000000000000000000000000000000000000000000000000000
0100010110001100010110000101000100100001100001100101110101101101001101000010101101100100110001110001000101001111101010000100001001011000001000000110110101100100000100000100000000101000111100111010000000000000000101011000000010100000100101001000011000010000
0101100101100000000001101000010001000110000000000001000101000000100010000000001000000110000000000000001000010000000000011000110000010000000001000010000000011010100000000000100000000000000001010000000000000000100000000000010000000000010000000000010010000000
0100000101000001000101000000000000000000000000000100000000000000000000000001000000010000000000000000000000000000000000000000000000000000000000001000000000000000000000000000000000000000000000000000000000000000000000000000000000000000000000000000000000000110
0000000000000000001100000000000000000000000000000000000000000010000000000000000000000000000000000000000000000000000100000000000000000000000000000000000000000000000000000000000000000000000000000000000000000000000000000000000000000000000000000000000000000000
0000000000100000000000100000000000000010000000000000000000000000000000000000000000000000000000000000000000000000000000010000000000000100000000000000000000000000100100000000000000000000001000000010000000000000000000000000000000000000010000000000000000000000
0101001100010001000100000100010111001010100000001010000001011010110100000001000010010010000010000011000000010000000001010010001010000001000010010000100001000001000000001000000010100000000001000000000100000000000000001000000000000000000100000000000000000010
0010000000000000000000000000000001000000000000000000000000001000000000000000100000000000000000100100000000000000000000000000000000000000000010001000000000000000010000000000000000000000000000010000000010010000000000000000000000000000000000000001000000000000
0000000000000000000000000000000000000000000000000000100000000000000000000000000000000000000000000000000000001000000000000000000000000000000000000000000000000000000000000000000000000000000000000000000000000000100000000000000000000000000000000000000000000000
0001000000000000000100000000000000000000000000000100000000000000000000000000000000000000000000000000000000000000000000000001000000000000000000000000000000000000000000000000000000000000000000000000000000000010000000000000000000000000000000000000000000010100
0110110100110100000000010110110101000100101001100000000000110000001000000000100010111010001110100110000010000000100000001001101010000000000000000000000000001000000000000100000000100000000000000001000000000000000000000000000000000000000100000010000000000000
0000000000000000000000000000000000000001000000000000000000000000000000100000000000000000000000000000000000000000000000100000000000100000000000000000000000000000000000000000000010000000000000000000100000000000000000000000000000000000000001100000000000000000
0000000000010000000000010000000000000000000000000000000000000000000000100000001000000000000000000000000000000000000001000000000000000000000000000000000000000000000000000000000000000000000000000000000000000000000000001000010000000000000000000000000000000000
0000000000000000000000000000000000000000000000000000000000000000000000000000000000000000000000000000000000000000000000010000000110000000101100000001001000000000000000000000100000000000000000000000000000000000000000000010101010000000000000000000000000010000
0100100110000100001000000100000000000001000000000001000000000000001000000000111001000000110000000000000000010100010000001000000000011000101001000000000000010010010010000000110000000000000100000001100000000000000000000000000000000000000000000000000000000000
0000000000000000000000100000000000000000000000000001000000000000000000000000000000000000000000001000000000000000000000000000000000000000000000000000000000000000000000000000000000000000000000000000000000000000000000000000000000000000000000000000000000000000
0000000000000000000000000000000000000000000000000000000000000000000000000000000000000000000000000000000000000000000000000000000000000000000000000000000000000000000000000000000000000000000000000000000000000000000000000000000000000000000000000000000000000000
0000000000000000000000000000000000000000000000000000000000000000000000000000000000000000000000000000000000000000000000000000000000000000000000000000000000000000000000000000000000000000000000000000000000000000000000000000000000000000000000000000000000000000
0100000100000000000010000000001010000001000001100010000000000100011000000011010000000100000000000001000100101000000000011101010000010000001000000100000100100010000000010010001110000000000100000100000000000000000000000010000000000001001000000000000000001000
1000000000110000001100100011000000010100001000000100000010001000010010000000010011000010010010000000000000000000000000000000000000010010000000010000000010000000000000000000000001000000001000000000000000001000000000000000100000000010000000000000010000000000
0000000100000000000000000000000001000000000000000000010000000010010000001000000000000010000100000000001000000100000000000000001000000000000000000001000100000000000000000000000000000000000000100000000000000000000000000010000000000000000000000000100000000000
0000000000000100001000000000010000000000000000000000000000000000001001000000000010000000000000010100000000001100000010000000000000000000000000000001000000000000000000000001000000000000000000000000000000010000000000000000000000000000010000000000000000000000
0100000000100000100010001000100010010010000100100000011000000110000000000100000000010010000001010010110000010000000000000100000000000000000001001001000100000000000000000000100000000000000000000000000100000000000000000000000000000000000000000000000000000000
0010000000000000000000000000000000000000000000000000000000000000000001000000000000000000100000000000000000000000000100000000000001000000000000000000000000000000000000000000000000000000000000000000000000000000000000000000000000000000000000000000000000000000
0000000000000000000000000000000000000000000000000000000000100000000000000000000000000000000000000000000000000000000000000100000000000000000000000100000001000000000000000000000010000000000000001000000000000000000000000000000000000000000000000000000000010000
0000000000000000000000000000000000000000000000000000000000000000000000000000000000000000000000000000000000000000000000000000000100000000000000000000000000000000000000000000000000000000000000000000000000010000000000000000000000000000000000000000000000000000
0100000000110000000010010000000000000000000001001001000000010100000010000101000000000000010010001000000010010000000010010000000000000000000000000000001000000000001000000000000000000000000001000000001000000000110100001000010000100000100000010000000001001000
0000000000000010000110000000000000000000001010000000000000000000100000000000000001000000001000000000000000010000000000000000000000011100001000010000000100000010000000000101000100001000001000000000010000000010000000100100100100000000000000100000000000000000
0000010000000001000000000000000000000000000000000000000000000000100000000000010000000000000000100000000000000000000000000000000000000000010001000000100000001000000000000000000000000001000000010000000010100110000010000010001000000000000000000000000101000000
0010001100100000001000000000000000000000000000000000100000000000000000010000000000000110000000000010000000000000000000000000000001000010000000100000000000000000100000000000000000001010000000000000001000000000000000000000000000000000000000000000000000000000
0100000000000000000010000000000000001001000000001000000000100000000010000000000000001010000010000010000000100000100000000001000000000000000001000100011000000000000000000001001101000010000010100000010100000000000000001000010000000000011000000000010001010000
1000000000100000100010100100001010000000100100000000000000000010010000100000000100000000010000000001011000110001000000110100000000010000011000000000000000000000001000000001000100010010001000011010101001100011001000100000010000100011001001100100000000000000
0001100100100000010000000000000000000100000011001010001000000101000010101000001000011000000110010100000000000000000001000000000001100000000111000000000000010011000001010001101000000010100000000001010000000010010000000010000000010111110000110010011100001000
0000000000000000001000001000000000000000000001100001100000000010001000000000001000100010000011001111010000000000100000000000101000000000100010100100100100110101010000010001100010000000000000011000010001101000100000001000000100000011000100110000100001100100
0100010000100000100000100000000010000000101000000001100000001011000001010000001000000001010100001000100001100100001100000000000011100000010101100000000010000000010010000000000000001001000000100100000010100100000000000000000000000000000110100001000100101100
0000100000010000000000000000000001000001000000000000000000100110000000000010001000010001100001000000000111000000000100000000100000000000100100000000000001010010000101000001000000000010001000000000000110010000000010000000100001000111000001000100000010011000
0001010000010100000000100000000001000000100000000000001000000100000100100000000000000000100100001000000000100000001010000000010010000010010000000000000011000100000010000100000000000000000101000000010001000000101000001000001100000010000000000000010000000000
0000100001000000000000000000000100000000000000011100000000000000010000000001011111101000000000000010000001001010100000000000000000000010000010000000010100000000100001000000001000000101000000000000010010000100100000000000100010000000000000001010000000001100
0100000000000000000000000010010100000000010001000000000001000001000000010000000000000000010100000000000000000000001000000000000000000001000000100000000000000000110000000000000000000000000000000000000000000000000000000000001000000000000000000000000000000000
0000000000000000000000000000000000000000000000000000000000000000000000000000000000000000000000000000000100000000000000000000000000000000000000000000000000000000000000000000000000000000000000000000000000000000000000000000000000000000000000000000000000000000
0000000000000000000000000000000000000000000000000000000000000000000000000000000000000000000000000000000000000000000000000000000000000000000000000000000000000000000000000000000000010000000010000000000000000000000000000000000000000000000000000000000000000000
0000000000000000000000000000000000000000000000000000000000000000000000000000000000001000000000000000000000000000000000000000000000000001000000000000000000000000010000000000000000000000000000000000000000000000000000000000000000000000000000000000000000000000
0100001010110000000001000001000010100100110000000000001100001000000100000000000001001000000010000001000000011000000100000000000000000000000000000100010000000000010000000000000000000000000010000100000000000000000000010000000000000000000000000000000000000000
0000000000000000000000000000010000000000000000000000000000000000000000010100000000000000000010000000000100001000000000001000000000000100000000000000000000001100000000100001000000000000000000000000000000000000000000000000000000000000000000000000000000000000
0000000000000000000000000000000000000000000000000000000000000000000000000000000000000000000000000000000000000000000000000000000000000000000000000000000000000000000000000000000000000000000000000000000000000000000000000000000000000000000000000000000000000000
0000000000000000000000000000000000000000000000000000000000000000000000000000000000000000000000000000000000000000000000000000000000000000000000000000000000000000000000000000000000000000000000000000000000000000000000000000000000000000000000000000000000000000
0000000000000000000000000000000000000000000000000000000000000000000000000000000000000000000000000000000000000000000000000000000000000000000000000000000000000000000000000000000000000000000000000000000000000000000000000000000000000000000000000000000000000000
0000000000000000000000000000000000000000000000000000000000000000000000000000000000000000000000000000000000000000000000000000000000000000000000000000000000000000000000000000000000000000000000000000000000000000000000000000000000000000000000000000000000000000
0000000000000000000000000000000000000000000000000000000000000000000000000000000000000000000000000000000000000000000000000000000000000000000000000000000000000000000000000000000000000000000000000000000000000000000000000000000000000000000000000000000000000000
0000000000000000000000000000000000000000000000000000000000000000000000000000000000000000000000000000000000000000000000000000000000000000000000000000000000000000000000000000000000000000000000000000000000000000000000000000000000000000000000000000000000000000
0100000000000000010001001000000101110100010000000100001000001000000001001000000010000000000000100100000000000000000000000000000000100011000010001000110000000000000000100000100000010000001011000000000000000000100110000000001010001000000000000000000000000000
1010000011100000011000000000000000000101000000000001110000000000010000000000000110001000000000100000000000001010000000000100001000000000000000000000000000000000000001000000000000000000000010000001000000000000001000000000000000000000000000000010000000000000
0000000000000000000000000000000000000000000000000000000001000000000000000000000000000000000000000000000000000000000000000000000000000000000000000000000000000000000000000000000000100000000000000000000000000101000000000000000000000000000000000000000000000000
0000000000000000000000000000000000000000000000000000000000000000000000000000000000000000000000000000000000000000000000000000000000000000000000000000000000000000000000000000000000000000000000000000000000000000000000000000000000000000000000000000000000000000
0100011000100000010001001100000011100010000001100000000001000000000000000000000111000001000000000000001000000000010000000000100010010000000000000000000000000000000000001000011000011100000100000000000011001000010000000000001100000000000000100000000000000000
0100000000100000000001000000100001000000000000010000000000000000100000000000010000001000000100010000000000000000000000100000000000000000000000000000000000000000000000000000000000000000000000001000000000000000100000000000000000000000110000000000001000000000
0100010000000000000001000000000000000000000000000100000000000000000000000000000010000000000000000000100000111000000010000000000100000000000000000000000000000000000000000000000000000000000000000000000000000000000000000000000000000000000000000000000000000000
0100000010000000000000000000000000100000000000011000001000000000000000000000000000000000000000000000000000000000000000000000000000000000000000000000000000000000000000000000000000000000000000000000000000000000000000000000000000000000000000000000000000000000
0100001000000000000000000100000100000001000100000111000000000100100000000001000000000010000000000000110000100000000100010000000000010000100100000000000000000000000000100100000101000000000000000100000000001000010101000000000000000000001010000100100000000100
0000100010010001000000010000010000000000100100000100000000100010000000001011100000000000000010001000100000000000000000000011000000000000000010000000000000000000000000000000001000000100000000000100000000001000000000000001000000100000000010000010000100000100
0000000000000010000000000000000000000000000000000000000000000000000000000000100000001000000000000000000000000000000000000000000000000000000000000000000000000000100000010000000000000000000000000000000001000000000001000000000000000000000000000000000000000000
0000000000000000100000000010000000010000000000000100000000000000000000000000000100000000000000010010000000000000000000000000000000000000000000000000000000000000000001000000000000000000000000010000000000000000000000000000000000000000000000000000000000000000
0100100000010100010000100010000000001100110001000000000000000100001000000000000000000001001000011000000010000010000100000000010000100100000000100000110011000100001001100000100000000101010010010000001010001000000000000000000001000000001010100000000000001010
1000001000000000000000010000000000000010000001010000000000000000001100000100000000000000100100011001001000000000000000100000100000000000000000000001000000000000000000000000000000000000000000000000000000000000000000000000000000000000000000100100000000001000
0000000000000000000000000000000110000000100000000000000100100000000000001000000000010000000000100000000000010000000100000000000000000000000010001010000000000110000001000000001000000000000100000000000000000010001000000000010000000000000000000000000000000000
0000000000000000000000000000000000000000000000000000000000001000010000000000000000000000000000001000000000000000000000000000000000000001000000000010000000000000000000000001000000000000000000000000000000000000000000010000000000000100000000000100000000000100
0100000101010000000010000000011001111100000000100100000100110101000100100001000000001001000001010001000000011000110100100000000000000001000000010001000000000100010000000000000000000100000000000001000000011100110000000000000000100000101000000100011001100100
0000110000000000011110100100101000000000000000000100100011000000001000000000000000000001010000010100001001000000000010010000101011000000000001000100100000001100000001000110000001000000000000001100110000100000000000000000000000000000000000100110010000000001
0000000001000000011101010000000000100101000001001000000010000101100000010100000000010000000010000000000000000011010000100000000000000010010000010000000100100000000000100000110101010000010000010000000001000000001000000000001001000000000000100010010000000000
0000000010001010000000000000110100100100100000100001000000000010010000000000000100010000000001001000000000000000000000000000000000000000000000000000000000000000000000101000000100001000000000000000000000101000000000100000000010000000000000000010000100000000
0100000100000000000000000000000000000000000000000000000000000000000000000000000000010000000100000000000000000010000000000000000000000000000000000000000000000000000000000000000000000000000000000000000000000000000000000000000000000000000001010000010000000000
0110010000000010000000000100000000000000000000000000000001000000000000000000000000000000000000000000000000000000000000000000000000000000000000000000000000000000000000000000000000000000000000000000000000000000000000000000000000000000000000000000000000000000
0000000000000000000000000000000000000000000000000000000000000000000000000000000000000000000000000000000000000000000000000000000000000000000000000000000000000000000000000000000000000000000000000000000000000000000000000000000000000000000000000000000000000000
0110001010000000010100000100100101000000001000100000010001000100101000100000010000000000011000100000011000000101000000010010010000000000000010000100000001011100101011110000001000000000000000000000000000000001000001011000001000100000010000000000011000000000
0100000001000000010000000000100000000100000000000100000010100010000000000000000000000101000000000000000000000000000000000000000000000000000000000000000000000000000000100000000000000000000000000100000000000000000000000010000000000000000000000000000000000000
0000000000000000000000000000000000000000000000000000000000000000000000000000000000000000000000000000000000000000000000000000000000000000000000000000000000000000000000000000000000000000000000000000000000000000000000000000000000000000000000000000000000000000
0000000000000000000000000000000000000000000000000000000000000000000000000000000000000000000000000000000000000000000000000000000000000000000000000000000000000000000000000000000000000000000000000000000000000000000000000000000000000000000000000000000000000000
0000000000000000000000000000000000000000000000000000000000000000000000000000000000000000000000000000000000000000000000000000000000000000000000000000000000000000000000000000000000000000000000000000000000000000000000000000000000000000000000000000000000000000
0111011000000000000001000000001000000001000111010011000100010010010000100010010000000000000000000101000001010100001001100001001000010100011001001000110001000000100001000100000000010000000011100100010010000100000001001100000010000000110000010000000010000000
0100000000000100000000000010000010000001001000100001010000010000000000000000001001000000101000000100000000000000000000000000100000000000001000100100000000100100000000100010001010001000010110001010000001000000000000000000100000000001000010011000001101001010
0100000101000000010000000001100000001011001000000100100000000111001000000000000000000000000000000000001000100000000000100000001010000000001000000100000000000010000100000000000000000001000100010000000010000000000000000010000000000000000000000000000000000000
0100000001000100000000010010000000000000000001001000100000010000001000000100000000100100000000010000000000000000000000101001010000101000100000000000000000000000000000000000000000000000000000000000000000000000000000000000000000000000000000000000000000000000
0101100100010110010100100100011000000110000000000000110010000001000001000000000010000000000000000011000000101000010010011100001000000000000000000010001110000010000001100101000001000000000000100000000000100001000000010000000000100000000100000010000000000100
0011000010000000010000000001110100000000000000000001000000000100000000001001000010001000000000000010000000001010010010000100000100110000000000000000001000001000000000100000000000000000000001000000000001000000000000000000001000000000000000000001000000000000
0101000001000000000000100010000000010000010010000000010000110100000101000001000010101001001001010000000010000101000001100001000010100000110100000000000100001000100000000000000010000000000101000000000000010000000010000000000010000000000000000000000000000001
0000000000000010000001110000101000000011000000000000100000000001000010000001001100100000000000000000010110010001001000000010010000000000100000100000001000001000000001000100100100000010000010100100000000000000100100010100010100000100000000001000100001000000
0100000000100000000000010100000010000000001001010000000000000000000000000000000000010000000000000110100100001010100000000000100000000000000001000001000100000001001100100010100001100000100000000000000001000000000000000000000000000000000000000010000000000000
0000001100010000001100000000000100000000000000000000000000000100000000000000000000000000000000000000000001000000000000000000000000000000000000000000000000000000100000000000000000000000000000000000000000000000000000000000000000000000000000000000000000000000
0000000000000000000000000000100000000000000000000000001000000000000000000000000000000000000000000000000000000001000000000000000000000000000000000000000000000000000000000000000000000000000000000000000000000000000000000000000000000000000000100000000000000000
0000000000000000000000000000000000000000000000000000000000000000000000000000000000000000000000000000000010000000000000000000000001000000000000000000000000000000000000000000000000000000001000000000000000000000000000000000000000000000000000000000000000000000
0100000000000000000000000000000000000000000000000000000000000000000000000000000000000000000000000000000000000000000000000000000000000000000000000000000000000000000000000000000000000000000000000000000000000000000000000000000000000000000000000000000000000000
0000000000000000000000000000000000000000000000000000000000000000000000000000000000000000000000000000000000000000000000000000000000000000000000000000000000000000000000000000000000000000000000000000000000000000000000000000000000000000000000000000000000000000
0000000000000000000000000000000000000000000000000000000000000000000000000000000000000000000000000000000000000000000000000000000000000000000000000000000000000000000000000000000000000000000000000000000000000000000000000000000000000000000000000000000000000000
0000000000000000000000000000000000000000000000000000000000000000000000000000000000000000000000000000000000000000000000000000000000000000000000000000000000000000000000000000000000000000000000000000000000000000000000000000000000000000000000000000000000000000
0100010010100000000000000010000000100001000000100101100000010000001000000000000100000011000000000100100000000000000000100001000000010000000000000000100000000000100100000000000000000000000000000000001000000000000000000001000000000000000000000000000000000100
0010000000000000000000000000000000000000000000000010000000000000000000000000000000000000000000000000000000000000000000000000000100000000000000000000000000000000000000000000000000000000000000000000000000000000000000000000000000000000000000000010000000000000
0000000000000000000000000000000000000000000000000000000000000000000000000000000000000000000000000000000000000000000000000000000000000000000000000000000000010000000000000000000000000000000000000000000000000000100000000000000000000000000000000000000000000000
0000000000000000000000000000000000000000000000000000000001000000000000000000000000000000000000000000000000000000000000000000000000000000000000000000000000010000000000000000000000000000000000000000000000001000000000000000000000000000000000000000000000000000
0100000000000001000000010000000110001000000100000000000000000000000001001000010000000100100000000001000000011100100010000010001000000000000000100000100100110000000101000000000000010000000001000001010000001010001010100000000000100010100000010000100000100000
0100001101010010001001000001001100010000000010010000001001001101100000000000100011001100000110100111000011001011000000000001101100010010001000000000000001111001001001000001000000110010010001000000000100010011000101011000000110000100000000101010100100001100
0000000000000000000000000000000000000000000000000000000000000000000000000000000000000000000000000000000000000000000000000000000000000000000000000000000000000000000000000000000000000000000000000000000000000000000000000000000000000000000000000000000000000000
0000000000000000000000000000000000000000000000000000000000000000000000000000000000000000000000000000000000000000000000000000000000000000000000000000000000000000000000000000000000000000000000000000000000000000000000000000000000000000000000000000000000000000
0100000000000010000000010010010010000000010000010010000000000000011000000100000000110100000000000010000000000011000010100000101001010100000001000010000110001000000001000000001010000000000100000000000000100001010010000000000010000000000000001000101000000000
0000100001000000000000000001000110001000000000100000000000000000000000000000000000001000001010010000000000001000000100000000000100000100000000000000000011000000000000000000000000001000110000000000000000000000000100000000000000000000000000100000000000100010
0010000000000000000000000000000100001000000000000000000000000000000000000000000000000000000000000000000000000000000000001010000000000000000000000000000000000000000000000000000000000000000000000000000000000000000000000000000000000000000000000000000000000000
0000000000000000000000000000000000000000000000000000000000000000000000000000000000000000000000000000000000000000000000000000000000000000000000000000000000000000000000000000000000000000000000000000000000000000000000000000000000000000000000000000000000000000
0101000000000100000000000100000010000000000001000001100000001011100000000101000000000000000000110000000100011100000010001001000010000000000000010010000000000000000000000100000001001000001000001000000010000000000100000001000100000000010000000000000100100001
0000101000010000000001000010000100100000000000000000000000000100101000000000100000000010100111001010011000001000100110000000000000100000000000000101110000000000000000000000000000001000100011000000000000100000000000100000000001000000000010000000000000000000
0000000000000000000000000000000000000000000000000000000000000000000000000000000000000000000000000000000000000000000000000000000000000000000000000010100000000000000000000000000000010000000100000000000000000000000000000000000000000000001000000000000000000010
0000000000000000000000000000000000000000000000000000000000001000000000000000000000000000000000000000000000000000000000000100000000000000000000000000000000000000000000000000000000000000000000000000010000000000000000000000000000000000000000000000000000000000
0100000000000000000110000000000001000000010000010000000010000000000110000110000011100101001010000100000001000010000001010001100000100011100000000000000000000100000001101000001000100000001001000000000000000010010000001000000010010000000000010000010000100000
1000010000001000000000000000000001000000000000000000000000000000000000000010000000000000000100000000000000000000000001000000000000000000000000000001010000000000000000000000000001000000000000000000000001001000000000000000000000000010000000001000000000000000
0000000000000000000000000000000001000000000000000000000000000000000000000000000000100000000000000000000000100000000000000000000000000000000000000000000000000000000000000000000100010000000000000000000000000000000000000000000000000000000000000000000000000001
0000000000000010000000000000000000000000000000000000000000001000000000000000000000000000000000000000000000000000000000000000000000000000000000000000000000000000000000000000000000000000000110000000000000000000000000000000000000000000000000000000000000000000
0110001000000000000000100100001000010110111001000010000100010001100000000000100000001100100010000110001110000100000011001100100010100001000100100000001101100001000000011000000000000000000000001000000100100110100100100000100000001000000100010001111000001001
0100001000000000001100110010100000000000000101000100100010010000001110100010000000001000110010000100011001100000000011100001010001000001000010010000010101010000000010000000000011100101010000011010010001000010100000001010000001010010000010001010000000000001
1001000000111001100010100101000011010001110000000001000001001000011010000100100100000100000000000000000001001100101010101111010100000000000001000110000000000000010100000000000000001110010000011001000000110000100000001000010000001001000110110010000001010000
0011000101000010111101000000001101100000001000001000010000100110100000101100001000100001100000000100010001000001100010010101001100011100000000010000011011000010000001111010000000001101100000000010000000010000000010000000000000010000000001000000000000110000
