0000000000000000000000000000000000000000000000000000000000000000000000000000000000000000000000000000000000000000000000000000000000000000000000000000000000000000000000000000000000000000000000000000000000000000000000000000000000000000000000000000000000000000
0000000010110000011001000000000000000000000000000000000000000000010000000000000000000000000000000000000000000000000000000000000000000000000001000000000001011010000000000100010000000000000000000000000000000000000000000000000001000000010000000100010000000000
0110000001100100010001100110100001100110011001000111100000000000010000100000000001000100010000000000000001100000010001000000010001000100010001000100010001100000010001100000010000000100000001100000010001100000000001000110010000000100010000000100011000000110
0000000000000000000000000000000000000000000000000000000000000000000000000000000000000000000000000000000000000000000000000000000000000000000000000000000000000000000000000000000000000000000000000000000000000000000000000000000000000000000000000000000000000000
0110000001100110010000000100010001100100000001000110011001000100000000000110010000000100010001000110010000000100010000000100000001000100011000000100011000000100011000000110000000000100010000000000010001000110000001000000000001000100011001000110010000000100
0100011001000000011001000100000000000110000001000000000000000000011000000110011001000000000001000000010001100000001000000110000000000000011000000100010000000000010000000000011000000000000001100100011000000100011000000100000000000000011001100000000000000110
0100010000000100000001100100000001000000000000000000000000000000000000000000000000000000000000000000000000000000000000000000000001010000000001100110000001100000010000000000000000000110000001000000010001100100000001100110000000000100000000000000011001000000
0000011000000110010001100100000000000000000000000000000001000000010001100110000000000000000001000000000001000100000001100100010001100100010000000110000000000000000001100100000001100000000001100000000000000100000001100110011001000110010001000101000001100000
0100000001000100000000000000011000000000000000000000000001000000010001100110010000000100000000000110000000000000000000000000010001100110000001000000011000000000010000000000000000000000000001100110010001000000010001100000011000000110010100000110011001100110
0110011001000000000001100000011001000100010001000100011000000000000001100110010001000000000000000000000001100110010001000100011000000000000001100000011001000100010000000100011000000000000001000100000000001000011000000100000001000000010000000100010000000110
0000000000000000000000000000000001100100000000000100011001100110011111110111111111010111000010110101001111111100110011010000100000000110000000000100000001100000010000000000000000000000010000000100000000000000010000000110000000000000000000000100000000000000
0100000001100000010000000110011001111000011000000100000000000000000000000110000000000000000000000110011000000000000001000110010000000100000001100110010000000100000001000000000001000000000000000110000001000100011000000000011001000000010000000000000001100000
0000000001100110011000000000000000000110000000000110000000000000010000000000000001000100011000000100011001100000000000000110011000000110011001000000000001000100000001100110000000000110000001000110010001100000011000000000000000000000011000000000011001100100
0000010001000110010001000000010001100000000001000110010001000110000001000000000000000000011001000100011000000110000000000110011001100100010000000110000001000110000001000110000000000000011000000110010001001100000000000010000000000000010001000000011000000000
0100011001000110010001100100010001100100011000000100000001100100011001000110010001100100000001000000000001000100000001000111000000000000011001100000000000000110000000000100000000000000011001000110010000000000000001000110000000000100000001100100011001000100
0110000000000100011000000110011001100000000000000100000000000110011000000100010001000100000000000100000000000000000001100000010001100100000000000110000001100100011000000000000001000100011001100000000000000000010000000110010000000100010001000000010000000000
0100000001000110010001100111011001011111111111100111110110101110010111111011111001100000011000000111101111111110011100000000011001111110000000000110111111111100010000000000000000000000000000000000000000000000000000000000000000000000000000000000000000000000
0100100011111111111111111111101100000000000000000000000000000000000000000000000000000000000000000000000000000000000000000000000000000000000000000000000000000000000000000000000000000000000000000000000000000000000000000000000000000000000000000000000000000000
0100000000000000000000000000000000000000000000000000000000000000000000000000000000000000000000000000000000000000000000000000000000000000000000000000000000000000000000000000000000000000000000000000000000000000000000000000000000000000000000000000000000000000
0000000000000000000000000000000000000000000000000000000000000000000000000000000000000000000000000000000000000000000000000000000000000000000000000000000000000000000000000000000000000000000000000000000000000000000000000000000000000000000000000000000000000000
0111111111101101111011111111111010111011001010111111111101111111111111011111101111111110110101101111111111011111100110011111101010010110011000000011111100111000001001111001010011010000100110101011100100000001000000000001000001000100001010100011001100100000
0000000000000000000000000000000000000000000000000000000000000000000000000000000000000000000000000000000000000000000000000000000000000000000000000000000000000000000000000000000000000000000000000000000000000000000000000000000000000000000000000000000000000000
0111010111111111100010110011010110101111110101111110111000111111111011111111101111101011111011110111111111111111111111011111111101111011101111100101111011001111111011111001101111111110110111111101010110000011110011010000000100000000000100000000000000000000
0111111111111111111111111111111111111111111111111111111111111111111111111111111111111111111111111111111111111111111111101011111111111111111111111111111111111111111111111111111111111111111111111111111111111111111111111111111111111111111111111111111111110110
0111111111111111111111111111111111111111111111111111111111111111111111111111111111110111110111111111111111111111111111111111111111111111111111111111111111111111111111111111111111111111111111111111111111111111111111111111111111111111111111111111111111111110
0111111111101110111101111111111001011001111110111011101011011111111101111111111110111111101111110011111111111110100010111101000000000000000000000000000000000000000000000000000000000000000000000000000000000000000000000000000000000000000000000000000000011110
0000000000000000000000000000000000000000000000000000000000000000000000000000000000000000000000000000000000000000000000000000000000000000000000000000000000000000000000000000000000000000000000000000000000000000000000000000000000000000000000000000000000000000
0000000000000000000000000000000000000000000000000000000000000000000000000000000000000000000000000000000000000000000000000000000000000000000000000000000000000000000000000000000000000000000000000000000000000000000000000000000000000000000000000000000000000000
0000000000000000000000000000000000000000000000000000000000000000000000000000000000000000000000000000000000000000000000000000000000000000000000000000000000000000000000000000000000000000000000000000000000000000000000000000000000000000000000000000000000000000
0000000000000000000000000000000000000000000000000000000000000000000000000000000000000000000000000000000000000000000000000000000000000000000000000000000000000000000000000000000000000000000000000000000000000000000000000000000000000000000000000000000000000000
0101111111111111010000011111000000000001101100000000010111111111010001101000001000000000011111110101101010000000110101101111110000000000010001011111011111111111111111111111001000000000000000000000011010000000000111111111111111100000000000000000000000000000
0000000000000000000000000000000000000000000000000000000000000000000000000000000000000000000000000000000000000000000000000000000000000000000000000000000000000000000000000000000000000000000000000000000000000000000000000000000000000000000000000000000000000000
0000000000000000000000000000000000000100000000000000000000000000000000000000010000000000000000000000000000100000000000000000010000000000000001000101000000000001000000000000000000000000000000000100000010100000000001000000000000100000010000010100100001010000
0101111010001101110001101100101010001111111110001111101011111111000100100111101010100010110101000000111101101111010011100110111111111111111011001011011101011111100001000011101011101000101001000000110000010010110100111110111001101101011111111011111011110100
0000000000000000000000000000000000000000000000000000000000000000000000000000000000000000000000000000000000000000000000000000000000000000000000000000000000000000000000000000000000000000000000000000000000000000000000000000000000000000000000000000000000000000
0000000000000000000000000000000001111010010101000111111100000000000000000000000000000000000000000000000000000000000000000000000000000000000000000000000000000000000000000000000000000000000000000000000000000000000000000000000000000000000000000000000000000000
0000000000000000010000000000000000000000000000000000000000000000000000000000000000000000000000000000000000000000000000000000000000000000000000000000000001000000000000000000000000000000000000000000000000000000000000000000000000000000000000000000000000000000
0110010001000100010001000100010001100100010001000010010001100100010001000100000001100000010000000110011001000100010000000100000001000000000001000000010001000000000001000100010001000100011000000000000000000000000000000000000000000000000000000000000000000000
0000000000000000000000000000000000000001000000010000000000000000000000000001000000000000000000000001100000000010000000000000000000000000000000000000000000000000000000000000010000000000000001000000000000000001000000000000000000000010000000000000000000000000
0100000000000000011001000101000001000000000001000110011001100100011000000110010001101000010001000100010001100110000001000100000001100100010000000100000001100100011000100000010001100000000000000000000000000000000000000110011001000000010000000110000001100110
0100011000000000010001100000000000000000011001100100000001000110000001100000011001000100011000000101111001000100010001000100010001000000000001100000000001100000010001000000000001100100000001000110000000000000010000000001000001000000010001000110011001000110
0100010001000110010010000100000001100100000000000100000000000100000000000100010001100000000000000000011000000000000000000000000000000110010001000100000000000110010000000100000000000110010001100110011001100110011001100110000001000110010000100000010000000000
0000010000000000000000000000000001101100010001100000000001100000000000000000000000000000011001100110010000000000011100000000010001000000011000000100000000000110000000000000011000000100010000000000010000000110011001100100011000000000010000000100000001100000
0110011001100110000000000010000001100000011001100110011001100110011001100000000001100100011001000000000001000000000000000110000001000000000000000100000001000100011001000000011000000000010001100000010001000000011001100000010000000110010001100100010001000000
0000000000000000000000000000000000000000000000000000000000000010000000000000000000000000000000000000000000000000000000000000000000000000000001000000000000000000000000000000000000000000000000000000000000000000000000000000000000000000000000000000000000000000
0000000000000000000000010000000000000000000000000010000000000000000000000000000000000000000000000000000000000000000000000000000000000000000100000000000000000000000000000000000000000000000000000000000000000000000000000000000000000000000000000000000000000000
0000000000000000000000000000000000000000000000000000000000000000000000000000000000000000000000000000000000000000000000000000000000000000000000000000000000000000000000000000000000000000000000000000000000000000000000000000000000000000000000000000000000000000
0111111111111111110111011111111111111111111111101111111111111111111111111101111101111111110111111111111111101111111101111111011111001111111010111101111110111110111111111111111111111111011111111111111111111011110111111111111111111111111111111111011111111111
0000000000000000000000000000000000000000000000000000000000000000000000000000000000000000000000000000000000000000000000000000000000000000000000000000000000000000000000000000000000000000000000000000000000000000000000000000000000000000000000000000000000000000
0000000000000000000000000000000000000000000000000000000000000000000000000000000000000000000000000000000000000000000000000000000000000000000000000000000000000000000000000000000000000000000000000000000000000000000000000000000000000000000000000000000000000000
0000000000000000000000000000000000000000000000000000000000000000000000000000000000000000000000000000000000000000000000000000000000000000000000000000000000000000000000000000000000000000000000000000000000000000000000000000000000000000000000000000000000000000
0000000000000000000000000000000000000000000000000000000000000000000000000000000000000000000000000000000000000000000000000000000000000000000000000000000000000000000000000000000000000000000000000000000000000000000000000000000000000000000000000000000000000000
0100000001100000000001100100011001100110000001000110010000000000000001100100011001000100000001000100000001100100010001000100011000000100010000000110010000000000011000000000000000000000000001000110011000000000000001000100011001000110011001100110000000000000
0000000000000100010001000100010000000110011000000000010001000000010001100100010000000000000001000100011001000000000001100100000000000000000001100110000000000100000001000110000001000110011000000100000001100100000000000000000001110000010011000111111111011110
0110000000000000000000000000000000000000000000000100000000000000011000000010000001100000000000000100000000000100000000000101000001000000000000000110011000000000010000000110010000000100010001000000000001000000000000000000000000000000000001000100011001000000
0110000001000100010001000000000000000110010000000110000000000000000000000000000001000100000001000000010000000000011000000000000001101000110011000000010000000000000000000110010000000100010001000000010001100110000001000100000000000110000001100100011000000100
0000000000000000000000000000000000000000000000000000000000000000000000000000000000000000000000000000000000000000000000000000000000000000000000000000000000000000000000000000000000000000000000000000000000000000000000000000000000000000000000000000000000000000
0000000000000000000000000000000000000000000000000000000000000000000000000000000000000000000000000000000000000000000000000000000000000000000000000000000000000000000000000000000000000000000000000000000000000000000000000000000000000000000000000000000000000000
0000000000000000000000000000000000000000000000000000000000000000000000000000000000000000000000000000000000000000000000000000000000000000000000000000000000000000000000000000000000000000000000000000000000000000000000000000000000000000000000000000000000000000
0000000000000000000000000000000000000000000000000000000000000000000000000000000000000000000000000000000000000000000000000000000000000000000000000000000000000000000000000000000000000000000000000000000000000000000000000000000000000000000000000000000000000000
0000011000000000000001000000010001000100011001100000000001000110010000000110000001100000000001000000010001100000000000000110000001000110010000000000000000000000000001100100000001000000011000000000011001000100000001000000000001100000001001100000000001100000
0000000000000000010000000000000001100110011000000000010000000110000000000110000001000110010000000100011001000000000000000100010001000110011001000100010000000100011001000000000000000000000001100110000000000000010001100000011000000000011000000000000000000000
0000000001100000011001000110011001100000010001100111000001000110010001100100011001100100011000000000010001000000010000000100000001000000000000000110000000000000010000000000011000000110000000000100010001000110010001000100000001000000010000000110000000000110
0000000000000000000001000110010001000100010001000100000000000100000000000000000000000100011001000100011001000000011001100100010000000110011001000100000001100000010000000000000001000100011001000000011000000000000001100000010001000110000000000110011001000100
0000000000000000000000000110000001100110000000000000000001100100000001100000010001000100010000000000000001001100011001000100000001000000011001000000011000000110011000000100011000000000000000000000011000000000011001000110010001100000000001000000011001100100
0000010001000000010001100000000000000110010001100000010001000100000001100100000000000110010000000110011001000110010001100000000001000000011001100110000001000100010000000000010000000000000000000110000000000000000001100000011001000110000000000000011000000000
0110010001100100011001000000000000000100000001100000000000000000010001100000000000000000000001100000011001100110000000000000011001000000000000000000000000000100010000000100011001100000000001000000010000000100010000000100010000000100000001000000000001100100
0100000000000000011001100000010000000100000001000000010001000100010001100000010000000000000000000110011000000100011000000111110001000000011000000000000001000110000001000000011001100100010001000000000001100100011001000110000001100000010000000100000001000000
0100000000000100010000000000011001000000011001100000000001100110011001000100000000000100010000000000011001000000011000000110000001100000000001100000010000000110000001100000000001000110000001100110011000000000010001100100010000100000010001000110011001100100
0000010001100100010001100110011000000110011001000110000001100110000000000000000000000000000001000110000001100100010001100000000001100100011000000000000000000000000001000000000001000000010001100000000000000100000000000000000000000000000000000000011000000110
0000000001100000010001000110000001000000010001000100111101100110000000000100011001000000000000000110010000000000000000000100000001000000000000000000011001100100011001000000000001000000010001100000000000000000011000000100000001100100000001000000000001000010
0000000001000000011000000000010001100100000000000000011000000100000000000100000000000110011001000000000001000110000000000000010000000110010001100100000000000000010000000000000000000100010000000100000000000000011000000000000000000110010001100110000000000100
0000000001000000000000000000000001000000000001100000000001100110000000000000000000000100011000000000010001000000000001100000011000000100010000000110010001100000000001100110011000000110000001000110010001000000000001000100011001100000010001000110010001100000
0000011000000100011001000000011001000000000000000000011000000100000000000000000000000100000000000100000001000100011001000110000001000000000001000000010001000100010000000110010001000000000000000100011001000100011001000110011000000000010000000101100001000000
0110000000000110010000000100000000000100000001000100010001000110010001000110000001000000000001100100000001100100000000000100000000000000000000000110000000000100000001100000000001100000000000000100011000000000011000000100000000000000000000000100011001000100
0000000001000110011000000000011000000000000000000000000001000110000001000000011001100110000001000000000001000000000001000000000000000100000001100000010001100100000000000110011001000110000001000000000000000100011000000000010001000000000000000000011001100000
0000000000000000000000000000000000000000000000000000000000000000000000000000000000000000000000000000000000000000000000000000000000000000000000000000000000000000000000000000000000000000000000000000000000000000000000000000000000000000000000000000000000000000
0000000000000000000000000000000000000000000000000000000000000000000000000000000000000000000000000000000000000000000000000000000000000000000000000000000000000000000000000000000000000000000000000000000000000000000000000000000000000000000000000000000000000000
0000000000000000000000000000000000000000000000000000000000000000000000000000000000000000000000000000000000000000000000000000000000000000000000000000000000000000000000000000000000000000000000000000000000000000000000000000000000000000000000000000000000000000
0000000000000000000000000000000000000000000000000000000000000000000000000000000000000000000000000000000000000000000000000000000000000000000000000000000000000000000000000000000000000000000000000000000000000000000000000000000000000000000000000000000000000000
0011111011101010111110011011011111011110100101111101111001011001001011110101110001110011101111111010100001101011110111011001011100010001010010000010101001111110010001100000110001100001100110110100110001100011000011110101011111011110000100101011000011110000
0000101100010111100101110110100110001010100111110000110011010101011101110111110000011101100111011010101101101101110010010010011111110111110100010001010001010101101011100011001100100100110001001010100110011100011110100000101100010111101011110101011100111100
1011101011011000110110011100111000111110110111111010110111111110111011001111100001110111100111011000010101001110011111111101101011010110011010101011001110101111000111100011010001111011100011000011011011101110111111000110000010010000100111110111110101110010
0111001000001111101101111111111101111010110110101110101011011110101111111110111101111110111101111100100010101011011011101111100111001100011110001101101011101100111111011111011011100100101001111010111000100101011110010111000100001111110001010100111011111110
0000100011000011111100011101001111101101001011111011101000101010100110010011111101000101111100111011101001011011101111001111101100011101011110101101001011110011110100011000111000110111101010111011001111011011101011101011100111101110011110111010011110010010
0111110110101001010101110100111101110010101011011110100101011100111111111101101111010111011001111111110100010111001000110000000010110001110011110111101111111111011000011101100101011111111101111111111011011010001001010001010110111001111010011101110011111110
0111111111111111111011111110111111111101111111111111111111110111011111111111111111111110111111111110100111111111111111111111111111111111111111111111111111111101101111111111101111111111111111101111111111111100111001111111111111111111011111111111111111111110
1111111111111111111111111111111111111111111111111111111111111111111111111111111111111111111111111111111111111111111111111111111111111111111111111111110111011111111111111111111111011111101011110111111111111111111111111111111001111111111101111101010111011111
1011111010010011111111001110010011110010111111110111110001110111111001111101110100000010110010111111111001100111011000111110011111100011101011011110001011010110111100011111110011010001010100011111111101111111101110000110110011110010101011110011111000001110
0011011100110101111011010011101110011110001001110111001111000100110011011011001110011111111100000011101001100001100001101100100001100110101111110111111011011101110110110010011001011010011100010101111110010101111110111011111011011011111100110100100011111010
0011001110011111000011001111111011101110011011101111000110110101110110101001111100010101000001011101100011010101010010011110101001010110101010101110110011111111011101110111010001111111100111111000101101010001101100100101011100010011111010011001011010110101
0100111100111111110101111111111101100101101011010111111101000000000111110100100010111111011111010001010010001011101010111011100111001110101111101110111101111001011110000011100101100010110011111110111100000101110111011010110011010010011001100111111101101010
0000011000010100100110111110010010111001001101111000101011001111110110111010110110111101011101011110100111110001111000111111101011111110011001100000110100001110011110101011011000111101110011001011011101101110110000010100100100110010100111111100110100000000
0011111001010101110111001110110011001100001101011111101010110111010011101111101001010100001000100011010101101111111011100011111011010011111101100011110111001111011011100110110111100111111110001011010111110010100110111110100110001110010111100010110100110010
0101101101001101011101010110011110011100011111110010101111101110111111111110101111111110000011000100110001100110011110011100110101101111111111011101101001101011101111001100111111111111011001000010001000011111101111111110110110110110111100010001110111110100
0011100011011101011011000101011100011111110100111010101010111001010000111111011111011001010110011111110111010000110110111101111111110010011010011111101100111111011000111111010101101110010110111111111001000101001000010110100001111101000100010100010111001010
0000000001000110000000000110000001000100011001100100110001000100010001100000010000000110000001000000000001000000000000000000000001000110011001000100000001000000011001100100011001100110000000000010010001100110000000000000011001000000000000000000000001000100
0110010000000100010000000100011000000110000001100110010001000000011000000000000000000100010000000000010001000000010001000110011001000000010000000000011001000000000000000110010001110000010001000110000001100100010000000110010000000110011001100000000000000000
0110010000000000011001000000000001000000011000000100011000000100010001000000010001100100011000000000011001000000000000000100011001000100011000000110011000000100000001100000000000000100011000000000000001100000000001000000011001100100010000000000000001100000
0000000001100000000001000000010000000100000001100100000001000000010000000100000000000000010000000110010000000000010000000100000001000000000001000000011001000110011000000110010001000000000000000000000001000000011001000100011000000110010001000100000001000100
0111001010000010000000000000000000000000000000000000000000000110011000000000000000000000000000000000000000000000000000000000000000000000000000000000000000000000000000000000000000000000000000000000000000000000000000000000000000000000000000000000000000000000
0000000000000000000000000000000000000000000000000000000000000000000000000000000000000000000000000000000000000000000000000000000000000000000000000000000000000000000000000000000000000000000000000000000000000000000000000000000000000000000000000000000000000000
0000000000000000000000000000000000000000000000000000000000000000000000000000000000000000000000000000000000000000000000000000000000000000000000000000000000000000000000000000000000000000000000000000000000000000000000000000000000000000000000000000000000000000
0110010001011000010001100100010001100000101110000100000000000000010000001000010000000001000001000100000000000001110000000000000001000110101000011000010100000000000000010000001010000110010000000110010001100100011001000100110001100110010001000100000111000000
0011000111111101110101111000011101110110010001111011101010111011011111101100101110011101011110001010111110110110110001101111111100110111011000111111010000110011101010011010001001100110101011110111110101101011100010011010000100100000000011101011101001000000
0111111110111111110111111111111110111111111111111111111111111111111111111111111111111111111111111111111111111111111111111111111111111111111111111111111111111111111111111111111111111111111111111111111111111111111111111111111111111111111111111111111111111110
0000000000000000000000000000000000000000000000000000000000000000000000000000000000000000000000000000000000000000000000000000000000000000000000000000000000000000000000000000000000000000000000000000000000000000000000000000000000000000000000000000000000000000
0000000000000000000000000000000000000000000000000000000000000000000000000000000000000000000000000000000000000000000000000000000000000000000000000000000000000000000000000000000000000000000000000000000000000000000000000000000000000000000000000000000000000000
0000011001000000011000000000011000000000010001000100000001000110001000000100010000000000000000000110000001000100011001000100011001000000011001100000010000000000011001100111000000000000010001000000010001000000000001100110000001000110000001100110000000000000
0000000000000110011000000000000001100000000000000100000001000000000000000110000001000110000001100000010000000100010001000110000001000110010001000100000001000110000001000000011000000100010000000110011001100000011001100000011001100110000000000000010000000110
0000010000000100000000000000011000000000000001100000000000000100000001100000000001100000010000000000000000000000000000000110000001000000000000000000000001000100010000000000000000000110000000000000000000000000000000000000000000000000011000000000010000000110
0000010000000000000001000100011001000000000000000000011001000110011000000000010001000100000000000000011001100110011111111111111000000000000000000000000000000000000000000000000000000000000000000110000001100110011000000110000001000110011001000000010000000000
0100100010000001000101010000000000000010000000000000100000000000010000000000000000000000000000000100000000000000000000000000000001011111111111011000001010111111100011100010010000011001110011100111110111001001100001000110000000000000000000000000000000000000
0000011000000000000000000000000001000110000001000111111111111110010000000000000001000000000000000100110110000010000000000000011000000000000000000110010000000000011000000110010000000110010001000000010001100110010001100000000001000000000000000100010001000000
0000000000000000000000000000000000010000000000000000000000000000011001011110010001100100000001000111100000000000000110000111111001000000011000000111010000100000010000000000000001000000000000000110000000000000000000000000101000000000011000000110011000000100
0100000010000000000000000000000000000000000000000000000000000000000000000000000000000000000000000000000000000000000000000000000000000000000000000000000000000000000000000000000000000000000000000000000000000000000000000000000000000000000000000000000000000000
0000000000000000000000000000000000000000000000000000000000000000000000000000000000000000000000000000000000000000000000000000000000000000000000000000000000000000000000000000000000000000000000000000000000000000000000000000000000000000000000000000000000000000
0000000000000000000000000000000000000000000000000000000000000000000000000000000000000000000000000000000000000000000000000000000000000000000000000000000000000000000000000000000000000000000000000000000000000000000000000000000000000000000000000000000000000000
1111111111111101111111111111111111111011111111111111111111111111111111111111111111111111111111111111111111111101111011111111111111111111011101011111111111011011101111111111101111111111111111111111111111011111111111111110111111111111111111111111111110111111
0111111111111111111111000010000001000110000000000000000000000000100000000110111001111100000000000000100110111011010000011100111010111010001001000101101110110101101010010111010010011101001111110110110111001101101101001101011110011011010001011100111011100110
0100010000000110011000000000000000000000000001100100000001100100000000000000010000000000010001000100011001100110011000000000010001100100011000000000010001100110000001000000011000000000010001000100010001100110010001000000010000000000010000000110011001100000
0000000001100000011000000100011001100100011000000000010001000000010001110010010001000010000000000110110000000000000000000000000001100000010000000000000000000100011000000100011000000000010000000000000001000100011001000101100000000000010111100111000000000110
0100010000000110010001000000011000000000010001000000000000000110010001000100010001010000000001000110011000000000011001100110011001100110011000000000000000000100010000000110000000000000011000000110000000000100000000000000000000000000000000000100010001000100
0110010000000100000001000000010000000100010000000000000001000100010010000000011001100100010001100110011001100110000001000100000001000000011011100000000011000010010000000100000001100000011000000000011001000100000001000100011001111111111111100110000000000000
0000010010000000101100000100000100000000100001000001000000000000000000000000000000000000000000000000000000000000000000000000000000000000000000000000001100000000011100000000000000000000000000000000000000000000000000000000000000000000000000000000000000000010
0000000000000000000000000000000000000000000000000000000000000000000000000000000000000000000000000000000000000000000000000000000000000000000000000000000000000000000000000000000000000000000000000000000000000000000000000000000000000000000000000000000000000000
0000000000000000000000000000000000000000000000000000000000000000000000000000000000000000000000000000000000000000000000000000000000000000000000000000000000000000000000000000000000000000000000000000000000000000000000000000000000000000000000000000000000000000
0000000000000000000000000000000000000000000000000000000000000000000000000000000000000000000000000000000000000000000000000000000000000000000000000000000000000000000000000000000000000000000000000000000000000000000000000000000000000000000000000000000000000000
1111111011111111011111111111111111111111111111111111111111111111111111111111111111111111101111111111111111111111111110111111111111111111111111111111110111111111111111111111111111111111111111111111111111110111111111111111111111111111011111111111111111111111
1111111111111111111111111111111111111111111111111111111111111111111111111111111111101111111111111101111111111111111111111111111111111111111111111111111111111110011111111101111111111111101111111111111111111111011101111011011111111111111011111111111111111111
1111111111111111111111111111111111111111111111111111111111111111111111111111111111111111111111111111111111111110111111111111111111111111111111111111111111111111111111101111111111111111111111111111111111111111111111111111111111111111111111111111111111111111
0111111111111111111111111111111110111111111111111111111111111111111111111011110111111111101110110111011111111111111111100111111111011111111111111111111111111101111011110111111111111111111111111101111111111111111111111111111111111011111111101111111111111111
0000000000000000000000000000000000000000000000000000000000000000000000000000000000000000000000000000000000000000000000000000000000000000000000000000000000000000000000000000000000000000000000000000000000000000000000000000000000000000000000000000000000000000
0000000000000000000000000000000000000000000000000000000000000000000000000000000000000000000000000000000000000000000000000000000000000000000000000000000000000000000000000000000000000000000000000000000000000000000000000000000000000000000000000000000000000000
0000000000000000000000000000000000000000000000000000000000000000000000000000000000000000000000000000000000000000000000000000000000000000000000000000000000000000000000000000000000000000000000000000000000000000000000000000000000000000000000000000000000000000
0000010000000000011000000000000000000110001101100110111000000000000000000110000001110101010101100100000000000000010000000000000000000000010000000100000000000000010000000000100000000001000000000000110000000000000000000000000001111110000000000101000000000000
0110010000100100001000000000111110011110001011001001001010010000100101100101001000110010011000000100110000000000100101100010001100010010110000110011100101110000101000010010001110000000001101100111010000000111011011010011010000010011001101010001000001101010
0011010010101110001011000010000001100010000010110010100110000000101100001100111011000101111111010011001011000011100111001100011010000001001101010010000110000001100000000010000110000000011101001101000001000101000000100100001110000101101100000010110011000000
0001010111011110000011111010010100111010010001001011011010001101010100001000110001111110110100011000000111101001100110101110100000100000000110010001000010011000011001100110101101001000010000100010010000000101000010111010000000000000000001000000111001000110
0011001010011000110110110111000011101000000010110000010100111000000001000010100000011010110000100100000000011011101110001010100001010000010110001001100011110000000000010010101000000110111000000000110110110000000000001000001100101111010010010001010010000110
0110000001000011000000100001000000000000010000100000000000000000100000000000000001000000000000100001000000000001000000000000000000000001000010000000010000000000000000010000000000100000010000000011001001000000000000100000000100000000010000000000000000000000
0000000001000010000010000000000010000110000000000001000010010001001010000000100000000110001000000000000000000010000010100000100000000000000001100000000000101000000000000000000000000000000000000000000000000001000000101001000000010001100000010000000001000000
0000000100000000000100100000000010100101000100000000001010000001000000000010000000000000000100000000011100000001000000000000000000000001000100000000010000010000000000000001010100001011100000010100000100010000010010000000100000011000000011001000000000010000
0010000100000000000110000010000000000110100000100000000000000000000000000000000001010000001010000001000000000000000000001000001000000000010010000000000000000000000100010000000100000000000000000010000000100000000000000000000000000000010000010010000000100000
0100011111010000010010000100100010001001100000000100000101100100000000000100001111000010000000011000011010100000000000010010000001110011001001101001000000101100001000000011001000000100000100000000001010000000011000000000000000010000000000100010001010000110
0000000001000100101110010000010001000110010000010100100000000110000001010000000101110110000000111011000100011000100101000000000100000101001010000000011101000001000000001100000000100100000000100000000000101000000000001010000000001011001000000000000100010000
0010100100100000001011000001100110001000010000000000010000001000100100011100001001100010101000001010010101000100100001101010010000100000100000001101000000101110000000000100000001000011100010001000000000001001010011000100100000100011010011001001000010000010
0000000000000101000000100010001010000000010100000000010011010101100000100110100000000010000000001000010100000010100100000000110010100001101110100010011011100000001000000000101000101011000101001000000010000001001000000001010101100000011000010101101010001000
0001000000001000010010100000000010011010010000000011010101000000001001000011010000001000000101000011101011000001000000000100110010010100000010011010100001000011100011111000100010101000000001001010000000010000010111000001001010000000011010000000000110000000
0000100001000100001100000001011001010100000001100000001000000100010000111000011011100000001010010100000000010010101000000000000110001001010001011001010010100000000001011100010010100100011010100100100000001000011100000000100001000001101001000001110011010110
0001001000001001010000000111001001101100000000010000000001001000110010000011000110000000000100100111101100010100100010100111001010011000000000001100111100000000000100101000001010000010110001100000000000000001000011000110000000001010000000001101001000100000
0100101000000010000000110110010010000000000000000010000011011010000001100011111000000100100001000100000000010000100001100110010011110101010000000001001000010000000100000100000011000101101100001001000000110010100000001001001000100001000000000000000001100000
0100000000000000000000000000000000000000000000000000000000000000000000000000000000000000000000000000000000000000000000000000000000000000000000000000000000000000000000000000000000000000000000000000000000000000000000000000000000000000000000000000000000000000
0000000000000000000000000000000000000000000000000000000000000000000000000000000000000000000000000000000000000000000000000000000000000000000000000000000000000000000000000000000000000000000000000000000000000000000000000000000000000000000000000000000000000000
0000000000000000000000000000000000000000000000000000000000000000000000000000000000000000000000000000000000000000000000000000000000000000000000000000000000000000000000000000000000000000000000000000000000000000000000000000000000000000000000000000000000000000
0000000000000000000000000000000000000000000000000000000000000000000000000000000000000000000000000000000000000000000000000000000000000000000000000000000000000000000000000000000000000000000000000000000000000000000000000000000000000000000000000000000000000000
0000000000000000000000000000000000000000000000000000000000000000000000000000000000000000000000000000000000000000000000000000000000000000000000000000000000000000000000000000000000000000000000000000000000000000000000000000000000000000000000000000000000000000
0000000000000000000000000000000000000000000000000000000000000000000000000000000000000000000000000000000000000000000000000000000000000000000000000000000000000000000000000000000000000000000000000000000000000000000000000000000000000000000000000000000000000000
0000000000000000000000000000000000000000000000000000000000000000000000000000000000000000000000000000000000000000000000000000000000000000000000000000000000000000000000000000000000000000000000000000000000000000000000000000000000000000000000000000000000000000
0000000000000000000000000000000000000000000000000000000000000000000000000000000000000000000000000000000000000000000000000000000000000000000000000000000000000000000000000000000000000000000000000000000000000000000000000000000000000000000000000000000000000000
0000000000000000000000000000000000000000000000000000000000000000000000000000000000000000000000000000000000000000000000000000000000000000000000000000000000000000000000000000000000000000000000000000000000000000000000000000000000000000000000000000000000000000
0000000000000000000000000000000000000000000000000000000000000000000000000000000000000000000000000000000000000000000000000000000000000000000000000000000000000000000000000000000000000000000000000000000000000000000000000000000000000000000000000000000000000000
0000000000000000000000000000000000000000000000000000000000000000000000000000000000000000000000000000000000000000000000000000000000000000000000000000000000000000000000000000000000000000000000000000000000000000000000000000000000000000000000000000000000000000
0000000000000000000000000000000000000000000000000000000000000000000000000000000000000000000000000000000000000000000000000000000000000000000000000000000000000000000000000000000000000000000000000000000000000000000000000000000000000000000000000000000000000000
0000000000000000000000000000000000000000000000000000000000000000000000000000000000000000000000000000000000000000000000000000000000000000000000000000000000000000000000000000000000000000000000000000000000000000000000000000000000000000000000000000000000000000
0000000000000000000000000000000000000000000000000000000000000000000000000000000000000000000000000000000000000000000000000000000000000000000000000000000000000000000000000000000000000000000000000000000000000000000000000000000000000000000000000000000000000000
0000000000000000000000000000000000000000000000000000000000000000000000000000000000000000000000000000000000000000000000000000000000000000000000000000000000000000000000000000000000000000000000000000000000000000000000000000000000000000000000000000000000000000
0000000000000000000000000000000000000000000000000000000000000000000000000000000000000000000000000000000000000000000000000000000000000000000000000000000000000000000000000000000000000000000000000000000000000000000000000000000000000000000000000000000000000000
0000000000000000000000000000000000000000000000000000000000000000000000000000000000000000000000000000000000000000000000000000000000000000000000000000000000000000000000000000000000000000000000000000000000000000000000000000000000000000000000000000000000000000
0000000000000000000000000000000000000000000000000000000000000000000000000000000000000000000000000000000000000000000000000000000000000000000000000000000000000000000000000000000000000000000000000000000000000000000000000000000000000000000000000000000000000000
0110000000000000000000000000000000000000000000000000000000000000000000000000000000000000000000000000000000000000000000000000000000000000000000000000000000000000000000000000000000000000000000000000000000000000000000000000000000000000000000000000000000000000
0110000000000000000000000000000000000000000000000000000000000000000000000000000000000000000000000000000000000000000000000000000000000000000000000000000000000000000000000000000000000000000000000000000000000000000000000000000000000000000000000000000000000000
0100111000001000000000000001111000000000000000000000000000000000000000000000000000000000000000000000000000000000000000000000000000000000000000000000000000000000000000000000000000000000000000000000000000000000000000000000000000000000000000000000000000000000
0100111000001110000000000001111000000000000000000000000000000000000000000000000000000000000000000000000000000000000000000000000000000000000000000000000000000000000000000000000000000000000000000000000000000000000000000000000000000000000000000000000000000000
0100111111111111111111111111110111111111111100101111111111110111111111111111111111111111110111111111111111110000000000000000000000000000000000000000000000000000000000000000000000000000000000000000000000000000000000000000000000000000000000000000000000000000
0000000000000000000000000000000000000000000000000000000000000000000000000000000000000000000000000000000000000000000000000000000000000000000000000000000000000000000000000000000000000000000000000000000000000000000000000000000000000000000000000000000000000000
0100011101111111111111000000001111010000001100000000000000000000011000000000000000000000000000000000000000000000000000000000000000000000000000000000000000000000000000000000000000000000000000000000000000000000000000000000000000000000000000000000000000000000
0100111111111111111111000000001111010000001100000000000000000000011000000000000000000000000000000000000000000000000000000000000000000000000000000000000000000000000000000000000000000000000000000000000000000000000000000000000000000000000000000000000000000000
0110000000000000000000000000000000000000000000000000000000000000000000000000000000000000000000000000000000000000000000000000000000000000000000000000000000000000000000000000000000000000000000000000000000000000000000000000000000000000000000000000000000000000
0100110000001100000000000000111000000000000000000000000000000000000000000000000000000000000000000000000000000000000000000000000000000000000000000000000000000000000000000000000000000000000000000000000000000000000000000000000000000000000000000000000000000000
0000000000000000000000000000000000000000000000000000000000000000000000000000000000000000000000000000000000000000000000000000000000000000000000000000000000000000000000000000000000000000000000000000000000000000000000000000000000000000000000000000000000000000
0000000000000000000000000000000000000000000000000000000000000000000000000000000000000000000000000000000000000000000000000000000000000000000000000000000000000000000000000000000000000000000000000000000000000000000000000000000000000000000000000000000000000000
0000000000000000000000000000000000000000000000000000000000000000000000000000000000000000000000000000000000000000000000000000000000000000000000000000000000000000000000000000000000000000000000000000000000000000000000000000000000000000000000000000000000000000
0000000000000000000000000000000000000000000000000000000000000000000000000000000000000000000000000000000000000000000000000000000000000000000000000000000000000000000000000000000000000000000000000000000000000000000000000000000000000000000000000000000000000000
0000000000000000000000000000000000000000000000000000000000000000000000000000000000000000000000000000000000000000000000000000000000000000000000000000000000000000000000000000000000000000000000000000000000000000000000000000000000000000000000000000000000000000
0000000000000000000000000000000000000000000000000000000000000000000000000000000000000000000000000000000000000000000000000000000000000000000000000000000000000000000000000000000000000000000000000000000000000000000000000000000000000000000000000000000000000000
0000000000000000000000000000000000000000000000000000000000000000000000000000000000000000000000000000000000000000000000000000000000000000000000000000000000000000000000000000000000000000000000000000000000000000000000000000000000000000000000000000000000000000
0000000000000000000000000000000000000000000000000000000000000000000000000000000000000000000000000000000000000000000000000000000000000000000000000000000000000000000000000000000000000000000000000000000000000000000000000000000000000000000000000000000000000000
0000000000000000000000000000000000000000000000000000000000000000000000000000000000000000000000000000000000000000000000000000000000000000000000000000000000000000000000000000000000000000000000000000000000000000000000000000000000000000000000000000000000000000
0000000000000000000000000000000000000000000000000000000000000000000000000000000000000000000000000000000000000000000000000000000000000000000000000000000000000000000000000000000000000000000000000000000000000000000000000000000000000000000000000000000000000000
0000000000000000000000000000000000000000000000000000000000000000000000000000000000000000000000000000000000000000000000000000000000000000000000000000000000000000000000000000000000000000000000000000000000000000000000000000000000000000000000000000000000000000
0000000000000000000000000000000000000000000000000000000000000000000000000000000000000000000000000000000000000000000000000000000000000000000000000000000000000000000000000000000000000000000000000000000000000000000000000000000000000000000000000000000000000000
0100010010100010000000001001100101101011001110000101010101001011000000100001100001010000001000010010110010000000001010001000010010110010011101100101100001110110000000000001100000011000101101001100001101100000000000010000001000011000010100000000001000001000
0001001000100010000001100001100010010000001000000000111010111110100100000100100000000000110011010100010001000000100000010110010100000100110110000100000010000000000100000010010100000101000110000010100111010110000000000001000010000001001000001000101001010010
0001000010000111001001000110000000011100000010000000010101000111000110010010100000001011000111000011110001000001101000011000001100001000101010100100000001111000011001001000110000001000001100000010000000010000000100000000000100110101010000000010001010100010
0101100010100001101100000011010110000001000100010110100010100001010000000010010000000000001010001001001110000010100010010000101101100000001000001010000101010010001100000000010010000100110110101000000011100111001011110110000000000010100110011100101000010110
0000000000000000000000000000000000000000000000000000000000000000000000000000000000000000000000000000000000000000000000000000000000000000000000000000000000000000000000000000000000000000000000000000000000000000000000000000000000000000000000000000000000000000
0000000000000000000000000000000000000000000000000000000000000000000000000000000000000000000000000000000000000000000000000000000000000000000000000000000000000000000000000000000000000000000000000000000000000000000000000000000000000000000000000000000000000000
0000000000000000000000000000000000000000000000000000000000000000000000000000000000000000000000000000000000000000000000000000000000000000000000000000000000000000000000000000000000000000000000000000000000000000000000000000000000000000000000000000000000000000
0000000000000000000000000000000000000000000000000000000000000000000000000000000000000000000000000000000000000000000000000000000000000000000000000000000000000000000000000000000000000000000000000000000000000000000000000000000000000000000000000000000000000000
0110011000000000011111111111111001111100000000001110101100000000001000000010000000000000000000000101110000000000000000000000000000000000000001100000000000100111000000000000000000000000000000000000000001100000011011000111001001100000011111100110011001100110
1111111111111111111111111111111111111111111111111111111111111111111111111111111111111111111111111111111111111111111111011110110111111011011111111111111111111101111110110111111111111111111111111110111110111111111011110011110011111111111011111111111101111111
0011011111111111111111111111111111111111111111111111111111111111011111111111111111111111111111111111101111111110110111110111111111111111111111111111111111111111111111111111111111111111111111111011111111111111110111001111111111111111111111111111111111101111
1111111111111111101111111111111011111111011011011111111111011011111111111011101111111111111111111111111011111111011101111111111111111111111111011111101111111111101111111111111110111011111110110111111111111110111111111111111110111101111111111111110111111101
0111111111111111111111111111111111111111110111111111111111111111111111111111111110111111111111111111111111111110111111101111111111011111111011111111011111111111111111111111111111110111111111111110001111110111111111101011111110110111110111101110111101111111
0000000000000100000000000110000000000000011111100000000000000000010000000000000000000000010000000110000000000000000000000000000001100100000000000000000000000000011100000000000001010000000000000000000000000000011100000000000000100000000000000100000001000000
0111111111101010011101111111111001100110000000000111100000000000000000000000000000000000000000000000000000000000000000000000000000000000000000000000000000000000000000000000000000000000000000000000000000000010000000000000000001100110000001100000011000000110
0111111100000000011111100111000001110000000000000111100001111000011110011110100001111101111111100111000001110000011110000000000001110000011100000111000001110000000000000000000000000000000000000000000000000000000000000000000000000000000000000000000000000011
0110011000000110011000000110011001100000000000000000010000000000011000000000000000000000010000000100000001000100011110000100000001100110000001000100000000000110010001100100011000000000011000000100000001000100011000100000000000000000011001100100010000000100
0000011000000000000000000100010001000000000000000000010000000100011000000101000001000100000001000000011001000100000000000000000001000110010000000000000001000110010001100000011001100110010001000100000000000000000000000000000000000000010000000110000000000000
0000011000000100010000000110011000000110000000000110010001100110000000000000010001100000011000000110000000000100011000000000000000000100011001100000010001000100000001100100010001000000000001100100010000000000011100100110011001100100000000000110000001000110
0000000000000000011001100100000001100100011000000110000000000000010000000110000001000110000000000100000001000000010001100100000000000110010000000110000000000000010000000000011000000110010000000000000001000100011001000100000001000110011000000100000001000100
0100010001100110000001000000000001000100011000000100000000000000000001100100000001000000010000000000011001000110010001100000010000000110011000000100000001100100011000000000011000000000000001000100000001000000010000000100011000000100011001000000000001000110
0000000001100000010000000000011001100100011000000000010001100110011000000000010000000000011001000110000000000010000000000100000001100100011000000110000000000000011000000000011001000000000001100110000001100110010000000000011000000110010001100000010001100000
0000000000000000010001000000010001100100011000000000011000000100000001000000000001100000000000000110010000000110000001100100000000000100000000000111011001100000010000000000011000000000011000000000011001000100010000000000000000000110010001100000000001100000
0100000001000000000001000100011000000100010000000110010000000110010001100110000001000000011001000000000000000000000000000100000001000110010000000110011000000110011000000110011001000100000000000110000000000000010000000000000000000100010000000100000000000000
0000000000000000000000000110011001010000011001100000010000000110010001000000011000000000010001100110010001000100011000000110000001000110000000000110000000000110000000000000000001100100010001100000011001000000011001100100000000000000000001100100011000000000
0000000000000110011000000110000001100110000001000100011000000000000000000110010001100000011001100110000000000000010001100000011001000000010001000000000000000100010001100100010001100110000001000000000000000100000000000111000001000110000000000000000000000110
0000000001000100000001000000010000000110000001100000000000000100010001000100000001000000010000000100000001100000000000000000010001000000011001000100000001000000000000000100000000000000010000000000011001000110010001100000000000000000011000100000010001000000
0000010001100100000001100100000001000000010000000110011001000000000001000000010000000110011001100000010000000100011001000100000001110111000000100000000001100100000001100110011000000000011000000000010000000000011001000110011000000100000001100100010001100000
0000010000000110010000000000000000000100000000000000011001100110010000000000000001100000000001100000010001000100010000000000000001000100000001000000000001100100011000000100011000000110000001100100010000000000000000000000010000000000011000000100010001000000
0110010000000100010001000000000000000100000000000000011000000000011001000000000000000000000000000110000001000000000001000100011001100000000001100000000000000100011001100000010001100100011001100110011000000110010001000000000000000000011000000110010001100000
0110000000000000000000100000000001000100000001000000000001000100010000000000000000000000011001000110000000000000011000000000010001100000000001000000000000000100000000000110010001000000000001000100010000000110011000000000000000000000010001100000000001000000
0000000001000110000000000100000001000110000001100100000000000000010001000000011001000010000000100000000001100100010001000000011000000100010001000100011001100110011001000000000001000000000001100000010000000100000000000100010001100000011000000110000001000000
0110010001100110010000000000011000000000010001100000000001100110010001100110010000000100010001100110000001111110010001100100010000000000000001000110000000000000010001100000010001100000011001100000010001000110010001000110000000000100010001100000011001000000
0110000001100000000000000000011001000100010000000000011001000110000000000111011000000000000000000110010001000100010001100100011000000000000001000100000001000000010000000100010001000110011000000000010001000000011001000000000001100000000001100000010001000000
0110011000000110000000000100010000000100000001000100010001100000010001000000000000000110000000000110010000000100011000000000011001100110011000000100010001100000000000000110000001000000000000000000000000000110000000000000000000000110010001000000011000000000
0110010000000100000001100100010001100100010001000100000000000000000001000100000001000110001111100100010000000100010001100000011000000000000000000000010000000000011000000000000001000000010000000000010001000000000000000110000001011001000000000010000000000000
0100000000000000010001000100000001000100000001000100000000000000011000000100011000000000010001000100000000000000010001100000010001000000000001000100000001000100010001000000010001000100010000000000010000000100010000000000010001100110000001000000011000000000
0110000001100000011001100000000000000000000001000100010001100100011001100110000001100000011000000110000001000100000000000000000001000110000000000000011000000000000000000000010000000110011001000000000001000100000001100000011001000000010001000000010000000000
0000000001000000010000000000010000000000000000000010000000000110000000000100010000000110011000000000010000000000011000000000010000000100000000000000000000000100010001100110000001100000010001000100010001000000011001000000000001000110010001000000000001000110
0100011000000000011000000100000000000110011100000000000000000110010001100000011001100110000000000110010000000110011001000000011001000000000001100000011000000000000001100000010001000100010000000100000000000000011000000100011000000110000001100000011001000110
0000000000000100011001100000000000000000000000000000000000000000000000000000000000000000000000000000000000000000000000000000000000000000000000000000000000000000000000000000010000000100000000000000010001100000010001000100000001000000011000000000010000000100
0000011000000000010000000100010000000110000001100000010001000000000001000100011001000110000001100000000000000000000000000000000000000100000001000000000000000110011001100100000001000100010000000000000001000000010000000100000001100000000001100110011001000110
0000010001100110011001100110000000000000010001000110011001000000011001000000000001100000000001100000000001100110011001000000000000000000011000000000000001000000011001100100010001100100000001000110010001100110000001100000011001000100000000000110011000000100
0100011000000000000000000000000001100110000000000110000001100100010001100110011000000100010001000100010001100000010001000000010001100000000000000000011000000000011000000000000000000110000000000000000001000000010001000100000000000110000000000110010001100100
0100000000000000000001100100010000000100010100000000000001000000000000000110011001000110000000000110011001000110010001000000011000000000000000000000011001000000010001100110010001000000000001000000000001100000010000000110000000000110010100100000011001000100
0000011000000110010001100111111000000100010000000000000000000100011001000100010001100000010100000100000000000110000000000000010001000110000000000000000001000100000000000110000001100110011000000100010000000110000000000100000001100000011000000100000000100100
0000011001100000010001000100011001100000000001100100010000000100000000000000000001100110010001000100000000000110011111000000010000000110010000000100010001000000011001100100011001100110011001100000000000000000000001100000000001100110000001000100000001000110
0110011001100000000001000100010000000000010000000000000001000000011000000000000001000000010001000100000001000000000001000110011001100000010001000000010001100110010000000100000000000000000000000110010001100000011000000100011000000000011000000100010001100100
0000011001100110010000000100010000000110000001100110010001000100010000000000010001000100011001100110010000000100011001100000000001000110010000000000010001100000010000000110010001100110000000000110000000000000011001000110010000000110010010000000010001100100
0000000000000110000000000100010000000110011001100111100001000110000000000000000000000110011000000000010001000000000001000110011000000110011001000100000000000110000000000110010000000110000001100000011000000000000001100110000000000110011001000110000001000110
0110000000000000000000000110010001100000011000000000010000000000010000000111111000000000010001000000011001100000000000000110010001000000000000000100010000000000011001100110011000000100011001100100000000000000011000000000000001000000011001100100011000000000
0000000001100000010110000100000000000000010000000110000001010000011111000110010001000000011000000000000000000000000000000110000000000000010000000110000001000000000001000100000000000100000000000000000000000000010000000100000000000000010000000000000000000110
0110011000000000010000000100000000000000011001100000010001100000000001000100010000000110000001100000011001000110000000000110000001100100011000000000000000000000000000000100000000000000000000000100000001000000000001000000000001100000000000000000000001000110
0100011001000110011001000000011001000000000000000110011000000100000001000000000001100000010001100110000001000000000001100000010000000100011001000000000000000000010001000000011000000100000001100110000000000110010000000100000001100100010001100000000001000110
0100000000000000010001100110000001100100000000000100011001000000010000000110000000000000000000000100010001100000000000000100010000000000010000000000010001100110000000000100010001100100011000000000000000000110011001000000000000000100010000000100000001100100
0110000001100100000001100000000001000000000001000000000000000000011000000110010000000110010000000000010000000010010001000000000001000000000001100000011001100100010001000110000000000000000001000110010000000000000001000110001001000000010001000000000001100100
0000000000000000000000000000000000000000000000000000000000000000000000000000000000000000000000000000000000000000000000000000000000000000000000000000000000000000000000000000000000000000000000000000000000000000000000000000000000000000000000000000000000000000
0000000000000000000000000000000000000000000000000000000000000000000000000000000000000000000000000000000000000000000000000000000000000000000000000000000000000000000000000000000000000000000000000000000000000000000000000000000000000000000000000000000000000000
0000000000000000000000000000000000000000000000000000000000000000000000000000000000000000000000000000000000000000000000000000000000000000000000000000000000000000000000000000000000000000000000000000000000000000000000000000000000000000000000000000000000000000
0000000000000000000000000000000000000000000000000000000000000000000000000000000000000000000000000000000000000000000000000000000000000000000000000000000000000000000000000000000000000000000000000000000000000000000000000000000000000000000000000000000000000000
0000000000000000000000000000000000000000000000000000000000000000000000000000000000000000000000000000000000000000000000000000000000000000000000000000000000000000000000000000000000000000000000000000000000000000000000000000000000000000000000000000000000000000
0000000000000000000000000000000000000000000000000000000000000000000000000000000000000000000000000000000000000000000000000000000000000000000000000000000000000000000000000000000000000000000000000000000000000000000000000000000000000000000000000000000000000000
0000000000000000000000000000000000000000000000000000000000000000000000000000000000000000000000000000000000000000000000000000000000000000000000000000000000000000000000000000000000000000000000000000000000000000000000000000000000000000000000000000000000000000
0000000000000000000000000000000000000000000000000000000000000000000000000000000000000000000000000000000000000000000000000000000000000000000000000000000000000000000000000000000000000000000000000000000000000000000000000000000000000000000000000000000000000000
