0000000000000000000000000000000000000000011101000000000001100000000000000000000000000000000000000000000000000000000000000000000000000000000000000000000000000000011000000000000001000000000000100000000000000000000000000000000001100000011000000000000000000000
0000000000000000000000000000000000000000000000000000000000000000000000000000000000000000000000000110000000000000010000000100000001101010000000000000000001000000000000000000000001100000000000000000000001100000011000100110000000000000000000000100000001000000
0000000000000000000000000000000000000000000000000000000000000000010000000000000000000000000000000100000001100000010000000110000001000000001000000000000000000000000000000000000000000000000000000110000000000000000000000000000001100000000000001000000101100000
0000000000000000000000000000000000000000000000000111110001100000000000000000000000000000000000000000011000000000000000000000000000000000000000000000000000000000000000000110000000000000000000000000000000000000000000000000000000000000000000000000000000000000
0100000000000000011000000110000000000000000000000000000000000000010000000110000001000000010000000110000000000000000000000000001000100000010001000000000000000000011000000110111001111000010001100000000000000000010000000100001000000000011000000110000001010000
0000000000000000000000000000000000000000000000000000000000000000000000000000000000000000000000000000000000000000000000000000000000000000000000000000000000000000000000000000000000000000000000000000000000000000000000000000000000000000000000000000000000000000
0100000000000000000000000000000000000000000000000000000000000000011000000100000001100000011000000100000000000000011000000000000000000000000000000000000000000000000000000000000000000000000000000000000000000000000000000000000000000000000000000000000000000000
0000000000000000000000000000000000000000000000000000000000000000000000000000000000000000000000000000000000000000000000000000000000000000000000000000000000000000011001110000001000000000000000000000000000000000000000000000000000000000000000000000010000000000
0000000000000000000000000000000000000000000000000000000000000000000000000000000000000000000000000000000000000000000000000000000000000000000000000000000000000000000000000000000000000000000000000000000000000000000000000000000000000000000000000000000000000000
0000000000000000000000000000000000000000000000000000000000000000000000000000000000000000000000000000000000000000000000000000000000000000000000000000000000000000000000000000000000000000000000000000000000000000000000000000000000000000000000000000000000000000
0000000000001100010100000101100000000000011001100000000001000000000000000000000000000000000000000000000001100000000000000000000001100000010000000100001001000000010000000000000000000000000000000100000000000000000000000000011001110000100000100000000001000000
0000000000000000000000000000000000000100010100000000010001100000000000000101101000000000010000000110000000000000010111000000000001000000000000000000000000000000000000000000000000000000000000000000000000000010000000000000000000000000000000000000000000000000
0000000000000000000000000000000000000000000000000000000000000000000000000000000000000000000000000000000000000000000000000000000000000000000000000000000000000000000000000000000000000000000000000000000000000000000000000000000000000000000000000000000000000000
0110000000000000000000000000000000000000000011000000000001010010000000000000000000000000000000000100000000000000000000000000011000000000000000000000000000000000000000000000000000000000000000000000000000000000000000000100010000000000000000000110000000000000
0110000000000000010000000110000001000000000000000000000000000000011000000000000000000000010000000000000001000000011001100110000000000000010000000100000000000000010000100000000000000000011000000000000001000000001110000100000001100000011000000000000001100000
1111111011111111000000000000000000000000000000000000000000000000011001100110000000000110001001100110001000000110000001100110011011001100110011001100000000111111110011110011001111111111010111111111111111111100111100111111001100001111111100110011001111111111
0000000000000000000000000000000000000000000000000000000000000000000000000000000000000000000000000000000000000000000000000000000000000000000000000000000000000000000000000000000000000000000000000000000000000000000000000000000000000000000000000000000000000000
0000000000000000000000000000000000000000000000000000000000000000000000000000000000000000000000000000000000000000000000000000000000000000000000000000000000000000000000000000000000000000000000000000000000000000000000000000000000000000000000000000000000000000
0000000000000000000000000000000000000000000000000000000000000000000000000000000000000000000000000000000000000000000000000000000000000000000000000000000000000000000000000000000000000000000000000000000000000000000000000000000000000000000000000000000000000000
0000000000000000000000000000000000000000000000000000000000000000000000000000000000000000000000000000000000000000000000000000000000000000000000000000000000000000000000000000000000000000000000000000000000000000000000000000000000000000000000000000000000000000
0000000000000000000000000000000000000000000000000000000000000000000000000000000000000000000000000000000000000000000000000000000000000000000000000000000000000000000000000000000000000000000000000000000000000000000000000000000000000000000000000000000000000000
0000000000000000000000000000000000000000000000000000000000000000000000000000000000000000000000000000000000000000000000000000000000000000000000000000000000000000000000000000000000000000000000000000000000000000000000000000000000000000000000000000000000000000
0000000000000000000000000000000000000000000000000000000000000000000000000000000000000000000000000000000000000000000000000000000000000000000000000000000000000000000000000000000000000000000000000000000000000000000000000000000000000000000000000000000000000000
0000000000000000000000000000000000000000000000000000000000000000000000000000000000000000000000000000000000000000000000000000000000000000000000000000000000000000000000000000000000000000000000000000000000000000000000000000000000000000000000000000000000000000
0000000000000000000000000000000000000000000000000000000000000000000000000000000000000000000000000000000000000000000000000000000000000000000000000000000000000000000000000000000000000000000000000000000000000000000000000000000000000000000000000000000000000000
0000000000000000000000000000000000000000000000000000000000000000000000000000000000000000000000000000000000000000000000000000000000000000000000000000000000000000000000000000000000000000000000000000000000000000000000000000000000000000000000000000000000000000
0000000000000000000000000000000000000000000000000000000000000000000000000000000000000000000000000000000000000000000000000000000000000000000000000000000000000000000000000000000000000000000000000000000000000000000000000000000000000000000000000000000000000000
0000000000000000000000000000000000000000000000000000000000000000000000000000000000000000000000000000000000000000000000000000000000000000000000000000000000000000000000000000000000000000000000000000000000000000000000000000000000000000000000000000000000000000
0000000000000000000000000000000000000000000000000000000000000000000000000000000000000000000000000000000000000000000000000000000000000000000000000000000000000000000000000000000000000000000000000000000000000000000000000000000000000000000000000000000000000000
0000000000000000000000000000000000000000000000000000000000000000000000000000000000000000000000000000000000000000000000000000000000000000000000000000000000000000000000000000000000000000000000000000000000000000000000000000000000000000000000000000000000000000
0000000000000000000000000000000000000000000000000000000000000000000000000000000000000000000000000000000000000000000000000000000001010000000000000000000000000000000000000000000000000000000000000000000000000000000000000000000000000000000000000000000000000000
0000000000000000000000000000000000000000000000000000000000000000000000000000000000000000000000000000000000000000000000000000000000000000000000000000000000000000000000000000000000000000000000000000000000000000000000000000000000000000000000000000000000000000
0000000000000000000000000000000001110000000000000111000000000000011100000000000000000000010000000000000000000000000000000000000001000000000000000000000000000000000000000000000000000000000000000110000001100000000000000100000000000000010000000110000000000000
0000000000000000000000000110000000000000010000000110000001100000011000000000000000000000000000000000000001010100010001100000000001111000001001100100000000000010010110010000100000000000000000000100000000000000000000000000001001000000000000000000000000000000
0000000000000000000000000000000000000000000000000000000000000000000000000000000000000000000000000000000000000000000000000000000000000000000000000000000000000000000000000000000000000000000000000000000000000000000000000000000000000000000000000000000000000000
0000000000000000000000000000000000000000000000000000000000000000000000000000000000000000000000000000000000000000000000000000000000000000000000000000000000000000000000000000000000000000000000000000000000000000000000000000000000000000000000000000000000000000
0000000000000000000000000000000001000000000000000000000001000000011111110000000000000000000000000000000000000000000000000000000000000000000000000100000000000000010000100000000000000000010000000000000000000000000000001100110000111001001100000000000000000000
1100000000000000011000000110000000000000011000000100000001100000000000000000000000000000011000000000000001000000010000000000000001000000000000000110000001000000000000000110000001000000001000000010000001000000010000000100000001110000000000000100000001110000
0000000000000000011000000000000001000000000000000110000000000000010000000100000000000000011000000110000000000000000000000000000000000000010000000100000000000000000000000100000000000000010000000110000001000000011000000000000001000000011110000000000001100000
0000000000000000000000000000000000000000000000000000000000000000000000000000000000000000000000000000000000000000000000000000000000000000000000000000000000000000000000000000000000000000000000000000000000000000000000000000000000000000000000000000000000000000
0011111111111111111111110011001011110011110010110011001111110001000101001111110011110011111111111111001100000011110000011100011111111111110011001100001111111111001100111111111111001111110011110000110000110011101111110001110000111100000000110000001111110011
0000000000000000000000000000000000000000000000000000000000000000000000000000000000000000000000000000000000000000000000000000000000000000000000000000000000000000000000000000000000000000000000000000000000000000000000000000000000000000000000000000000000000000
0000000001100000000000000100000001000000000000000110000001000000010000000111010001101000111000000000000000000000011000000000000000000000000000000000000001000000010000000101000000000000000000000000000000000000011010100110000001100000011000000111000001100000
0000000000000000000000000000000000000000000000000000000000000000000000000000000000000000000000000000000000000000000000000000000000000000000000000000000000000000000000000000000000000000000000000000000000000000000000000000000000000000000000000000000000000000
0000000000000000000000000000000000000000000000000000000000000000000000000000000000000000000000000000000000000000000000000000000000000000000000000000000000000000000000000000000000000000000000000000000000000000000000000000000000000000000000000000000000000000
0110000000000000010000000000000001100010000000000000000000000000000000000000000001100000000000000100000000000000000000000000000000000000000000000100001010000000000000000000000000000000000000000000000000000000010000000000000000000000000000000110000000011000
0100000000000001100000000000000000000000101111010001000000000000000000000001000011110000000000100000100001010000010000000100110000000111011000110000000100001010000000000010001110001101101101010000110001101101010111110100101001100011001001011001100010000000
0000000000000000000000000000000000000000000000000000000000000000000000000000000000000000000000000000000000000000000000000000000000000000000000000000000000000000000000000000000000000000000000000000000000000000000000000000000000000000000000000000000000000000
0000000000000000000000000000000000000000000000000000000000000000000000000000000000000000000000000000000000000000000000000000000000000000000000000000000000000000000000000000000000000000000000000000000000000000000000000000000000000000000000000000000000000000
0100000001000000010001100111101001000110010011000100000001000000010001100110000001000000011000000110000001000000011000000111000001000000010000000110000001000000000000000100000001000000010000000100011001100000011000000000000001000000010000000110000001000110
0110111000000000010000000110000000000000010000000110000000000000010000000110000001000000010001100100000001100000010011000100000000000000000000000100000000000000010000000000000001000000010000000110000000000000011000000000000000110000000000000111100001100000
0000000000000000000000000000000000000000000000000000000000000000000000000000000000000000000000000000000000000000000000000000000000000000000000000000000000000000000000000000000000000000000000000000000000000000000000000000000000000000000000000000000000000000
0110110000100000000000000000000000000000000000000000000000000000000000000000000000000000000000000000100000000000000000000000000001010101110101001100010101101010111111110100110110111111111111111101101101010011010101001010011110101100000110010000100000000100
0111111111110110100111101101010111101100110111000011011101111000110110110111011000010101100111010011111110000001100111111101001101110001111010111100100101011001010101100001101001110100110001100011010100111010110011110101100110011010101110100000101100111100
0000000000000000000000100000000000000000100000000000100001000001000000000000000000000000100000000000000000001000000100000000000000000000000000100000000000000000010010100000000001000000000000000000000001000000000000000010000000000000000000000001000000000000
0000000001000000000000000000000000000000000000000000000000000000000000000000000000000000000000000000000000000000000000000000000000000000000000000000000000000000000000000000000000000000000000000000000000000000000000000000000000000000000000000000000000000000
0000000000000000000000000000000000000000000000000000000000000000000000000000000000000000000000000000000000000000000000000000000001111000010010000000000000000000000000000000000001000010001000000000000000000000000000000000000001010010000010000000000000000010
0111000000000000000000110100101001000000000000000000000000000000010000000000000000000000000000000000000000000000000000000000000000000000000000000000000000000000010100000110000000000000010000000000000000000000000000000111010000000000010000000110000001010000
0000000000000110010100000100001000000000010000000000000000000000000000000100110001011000010000000000000000000000010000000000000000000000000000000110000001010000010000000000000000000000000000000000000000000000000000000000000001011100000000000000000000000100
0000000001100000011100000101000001010000000000000000100001010000011001000110000000000110000000000000000000000000000000000000000001000000000000000000000000000000000000000000000000000000000000000000000000000000000000000000000000000000000000000000000000000000
0110000001100000011000000110000000000000000000000000000001010000010011000000000001000000000000000000000000000000000000000000000000000000000000000000000000000000000000000000000000000000000000000000000000000000000000000000000000000000000000000000000000000000
0000000001100000000000000000000001000000000000000000000000000000000000000000000000000000000000000000000000000000000000000000000001010000000000000110011000000000010000000000011000000000000110000100000001111000000000000100100000000000000000000000000000000000
0000000000000000000000000000000000000000000000000000000000000000000000000000000000000000000000000000000000000000000000000000000000000000000000000000000000000000000000000000000000000000000000000000000000000000000000000000000000000000000000000000000000000000
0000000000000000000000000000000000000000000000000000000000000000000000000000000000000000000000000000000000000000000000000000000000000000000000000000000000000000000000000000000000000000000000000000000000000000000000000000000000000000000000000000000000000000
0001000101000000000000000000000000000000000000000000000000000000000000000000000000000000000000000000000000000000000000000000000000000000000000000000000000000000000000000000000000000000000000000000000000000000000000000000000000000000000000000000000000000000
0000000000100001011110001110000010001010000000000000010000000000000000000000000000000000000000000000000000000000000000000000000000000000000000000000000000010000000000000000000000000000000000000000000000000000000000000000000000000000000000000000000000100010
0100000000000000000010000110001000110000111111111100010000010110011111001111001000001000100001010000000000101000000000101111010000000000000000000000000000000100000000000000000000000000000000000000000000000000000000000000000000000000000000000000000000000000
0100000000000000000000000000000000000000000000000000000000000000000000000000000000000000000000000000000000000000000000000000000000000000000000000000000000000000000000000000000000000000000000000000000000000000000000000000000000000000000000000000000000000000
0111010100010011110011100000111000010110001000100111000000001100000000000000000000000000000000000000000000000000000000000000000000000000000000000000000000000000000000000000000000000000000000000000000010000000000000000000000000000000000000000000000000000000
0111110000000000000000000000000000000000000000000000000000000000000000000000000000000000000000000000000000000000000000000000000001110000000000000000000000000000000000000000000000000000000000000000000000000000000000000000000000000000000000000000000000000000
0000000000010000000000000000000000000000000000000000000000000000000000000000000000000000000000000000000000000000000000000000000000000000000000000000000000000000000000000000000000000000000000000000000000000000000000000000000000000000000000000000000000000000
0000000000000000000000000000000000000000000000000000000000000000000000000000000000000000000000000000000000000000000000000000000000000000000000000000000000000000000000000000000000000000000000000000000000000000000000000000000000000000000000000000000000000000
0000000000000000000000000000000000000000000000000000000000000000000000000000000000000000000000000000000000000000000000000000000000000000000000000000000000000000000000000000000000000000000000000000000000000000000000000000000000000000000000000000000000000000
0000000000000000000000000011111111110110000000111100110000000000000000000000000011110000000000000000000000000000000000001001100010011101111110000000000000000000000000000000000000000000000000000000000000000000000000000000000000000000000000000000000000000000
0000000000000000000000000000000000000000000000000000000000000000000000000000000000000000000000000000000000000000000000000000000000000000000000000000000000000000000000000000000000000000000000000000000000000000000000000000000000000000000000000000000000000000
0000000000000000000000000000000000000000000000000000000000000000000000000000000000000000000000000000000000000000000000000000000000000000000000000000000000000000000000000000000000000000000000000000000000000000000000000000000000000000000000000000000000000000
0000000000000000000000000000000000000000000000000000000000000000000000000000000000000000000000000000000000000000000000000000000000000000000000000000000000000000000000000000000000000000000000000000000010000000000000000000000000000000000000000000000100000010
0111110000000001100110000000000100000000000000000000000000000000000000000000000000000000000000000000000000000000000000000000000000000000000000000000000000000000000000000000000000000000000000000000000000000000000000010000000000000000000000000000000000000000
0000000000000000000000000000000000000000000000000000000000000000000000000000000000000000000000000000000000000000000000000000000000000000000000000000000000000000000000000000000000000000000000000000000000000000000000000000000000000000000000000000000000000000
0111000001110000000000010000000000000000000000000000000000000000000000000000000000000000000000000000000000000000000000000000000000000000000000000000000000000000000000000000000000000000000000000000000000000000000000000000000000000000000000000000000000000000
0000000000000000000000000000000000000000000000000000000000000000000000000000000000000000000000000000000000000000000000000000000000000000000000000000000000000000000000000000000000000000000000000000000000000000000000000000000000000000000000000000000000000000
0100000000000000000000000000000000000000000000000000000000000000000000000000000000000000000000000000000000000000000000000000000000000000000100000000000000000000000000000000000000100000000000000000000000000000000000000000000000000000000000000000000000000000
0000000000000000000000000000000000000000000000000000000000000000000000000000000000000000000000000000000000000000000000000000000000000000000000000000000000000000000000000000000000000000000000000000000000000000000000000000000000000000000000000000000000000000
0000000000000000000000000000000000000000000000000000000000000000000000000000000000000000000000000000000000000000000000000000000000000000000000000000000000000000000000000000000000000000000000000000000000000000000000000000000000000000000000000000000000000000
0111000000000000000000000000000000000000000000000000000000000000000000000000000000000000000000000000000000000000000000000000000000000000000000000000000000000000000000000000000000000000000000000000000000000000000000000000000000000000000000000000000000000010
0000000000000000000000000000000000000000000000000000000000000000000000000000000000000000000000000000000000000000000000000000000000000000000000000000000000000000000000000000000000000000000000000000000000000000000000000000000000000000000000000000000000111110
0000000000000000000000000000000000000000000000000000000000000000000000000000000000000000000000000000000000000000000000000000000000000000000000000000000000000000000000000000000000000000000000000000000000000000000000000000000000000000000000000000000000000000
0000000000000000000000000000000000000000000000000000000000000000000000000000000000000000000000000000000000000000000000000000000000000000000000000000000000000000000000000000000000000000000000000000000000000000000000000000000000000000000000000000000000000000
0111000011101101000001100000000000000000000000000000000000000000000000000011011000010000000000000011000000000000000000000000000000000000000000000000000000000000000000000000000000000000000000000000000000111001000000000000000000000000000000000000000000111100
0111110010000000000000000000000000000000000000000000000000000000000000000000000000000000000000000000000000000000000000000000000000000000000000000000000000000000000000000000000000000000000000000000000000000000000000000000000000000000000000000000000000110000
0000000000000000000000000000000000000000000000000000000000000000000000000000000000000000000000000000000000000000000000000000000000000000000000000000000000000000000000000000000000000000000000000000000000000000000000000000000000000000000000000000000000000000
0111000100101001110011100000000000000000000000000000000000000000000000000000000000000000000000000000000000000000000000000000000000000000000000000000000000000000000000000000000000000000000000000000000000000000000000000000000000000000000000000000000000000000
0111010011000011111011100101111000001000000001100001000010011100010010101011001010000001010000011101111111101100001110110101000001110011111000011001111101110111011111111111111111111111111111100100101101110111100000100100000110000000000000000000000000011110
0101000001000000010010001101111111111110101100110111111000000000001110001111111111111111111111000110101011011010101010100000000001000000000000000000000000000000000000000000000000000000000000000000000000000000000000000000000001111111100111110000000000000000
0000000000000000000000000000000000000000000000000000000000000000000000000000000000000000000000000000000000000000000000000000000000000000000000000000000000000000000000000000000000000000000000000000000000000000000000000000000000000000000000000000000000000000
0000000000000000000000000000000000000000000000000000000000000000000000000000000000000000000000000000000000000000000000000000000000000000000000000000000000000000000000000000000000000000000000000000000000000000000000000000000000000000000000000000000000000000
0110000000010000011100100000001000000000000000111000000000000000000000001100000001000011100000010010100010100000010111010101001101100100100000000000000000000000000010000000000010000000000000100000000011111110001000010000001110101100001001000000001100000010
0110000000000000000000000000000000000000000000000000000000000000000000000000000000000000000000000000000000000000000000000000000000000000000000000000000000000000000000000000000000000000000000000000000000000000000000000000000000000000000000000000001100000010
0110000000000000000000000000000000000000000000000000000000000110000000000000000000000000000000000000000000000000000000001100000001101100000000000000001111000000000000000000000000000111111000100110011101111111011011100010001110000000111101110000000000000010
0000000000000000000000000000000000000000000000000000000000000000000000000000000000000000000000000000000000000000000000000000000000000000000000000000000000000000000000000000000000000000000000000000000000000000000000000000000000000000000000000000000000000000
0000000000000000000000000000000000100000000000000000000000000000000000000000000000000000000000000011000000000000001110100000000001000000000000000000000000000000000000000000000000100000000000001111100011111110001100000000000000000000000000000010000000000000
0010000000000000101111100000000000000000000000000000000000000000011000000100000000100000000000000000000000000000001100001010101000000000000000000110000001100000001111100000000011111010101010100110010001100000101110100010000000000000101011101010101010110000
0100100000100100000000000010000000000000000010000100000000000000010001101000000000000000000000000111010000010000000000000000000001000000100000000000000000000000000000000011010000000000000011100100111101111111000000000100011000100011001110010001100010000000
0111111111111111011000000110000001000100011001000100010001100100011001000000000001100000000000000100000000000000000000000100000001000000000000000000000000000000010000000000000000000000000000000100010001100100010100000100000001000110000000000000000001111110
0000000000000000000000000000000000000000000000000000000000000000000000000000000000000000000000000000000000000000000000000000000000000000000000000000000000000000000000000000000000000000000000000000000000000000000000000000000000000000000000000000000000000000
0000000000000000000000000000000000000000000000000000000000000000000000000000000000000000000000000000000000000000000000000000000000000000000000000000000000000000000000000000000000000000000000000000000000000000000000000000000000000000000000000000000000000000
0111001000000000000000000000000000000000000000000000000000000000011110000010000001000000000000000000000000000000000000000000000000000000000000000000000000000000000000000000000001000000000000000000000000000000010000000000000000000100000000000010000000000000
0000000000000000000000000000000000000010000000000000000000000000000000001000001000000000000010000000000000000000000000000000000000000000000000000001000000000010000000000000010000000001000000000000000000010000000000000000000000000000000001000000000000000000
0000000000000000000000000000000000000000000000000000000000000000000000000000000000000000000000000000000000000000000000000000000000000000000000000000000000000000000000000000000000000000000000000000000000000000000000000000000000000000000000000000000000000000
0000000000000000000000000000000000000000000000000000000000000000000000000000000000000000000000000000000000000000000000000000000000000000000000000000000000000000000000000000000000000000000000000000000000000000000000000000000000000000000000000000000000000000
0110000000000000000000000000000000000000000000000000000000000000000000000000000000000000000000000000000000000000000000001100011001111000110011100000000011000000000000000000000000000111111000100000000000000000000000000000000000000000000000000000000000000000
0110000000000000000000000000000000000000000000000000000000000110000000000000000000000000000000000000000000000000000000001100000001111000000011110010001101011000000000000011000000000111111000100000000000000000000000000000000011000000000000000000000000000000
0000000000000000000000000000000000000000000000000000000000000000000000000000000000000000000000000000000000000000000000000000000000000000000000000000000000000000000000000000000000000000000000000000000000000000000000000000000000000000000000000000000000000000
0000000000000000000000000000000000000000000000000000000000000000000000000000000000000000000000000000000000000000000000000000000000000000000000000000000000000000000000000000000000000000000000000000000000000000000000000000000000000000000000000000000000000000
0000000000000000000000000000000000000000000000000000000000000000000000000000000000000000000000000000000000000000000000000000000000000000000000000000000000000000000000000000000000000000000000000000000000000000000000000000000000000000000000000000000000000000
0000000000000000000000000000000000000000000000000000000000000000000000000000000000000000000000000000000000000000000000000000000000000000000000000000000000000000000000000000000000000000000000000000000000000000000000000000000000000000000000000000000000000000
0000000000000000000000000000000000000000000000000000000000000000000000000000000000000000000000000000000000000000000000000000000000000000000000000000000000000000000000000000000000000000000000000000000000000000000000000000000000000000000000000000000000000000
0000000000000000000000000000000000000000000000000000000000000000000000000000000000000000000000000000000000000000000000000000000000000000000000000000000000000000000000000000000000000000000000000000000000000000000000000000000000000000000000000000000000000000
0000000000000000000000000000000000000000000000000000000000000000000000000000000000000000000000000000000000000000000000000000000000000000000000000000000000000000000000000000000000000000000000000000000000000000000000000000000000000000000000000000000000000000
0000000000000000000000000000000000000000000000000000000000000000000000000000000000000000000000000000000000000000000000000000000000000000000000000000000000000000000000000000000000000000000000000000000000000000000000000000000000000000000000000000000000000000
0000000000000000000000000000000000000000000000000000000000000000000000000000000000000000000000000000000000000000000000000000000000000000000000000000000000000000000000000000000000000000000000000000000000000000000000000000000000000000000000000000000000000000
0000000000000000000000000000000000000000000000000000000000000000000000000000000000000000000000000000000000000000000000000000000000000000000000000000000000000000000000000000000000000000000000000000000000000000000000000000000000000000000000000000000000000000
0100111111111111111100000000000000000110101001000000000000000000010000000000000000000000000000000000000000000000000000000000000000000000000000000000000000000000000000000000000000000000000000000000000000000000000000000000000000000000000000000000000000000000
0000000000000000000000000000000000000000000000000000000000000000000000000000000000000000000000000000000000000000000000000000000000000000000000000000000000000000000000000000000000000000000000000000000000000000000000000000000000000000000000000000000000000000
0000000000000000000000000000000000000000000000000000000000000000000000000000000000000000000000000000000000000000000000000000000000000000000000000000000000000000000000000000000000000000000000000000000000000000000000000000000000000000000000000000000000000000
0000000000000000000000000000000000000000000000000000000000000000000000000000000000000000000000000000000000000000000000000000000000000000000000000000000000000000000000000000000000000000000000000000000000000000000000000000000000000000000000000000000000000000
0000000000000000000000000000000000000000000000000000000000000000000000000000000000000000000000000000000000000000000000000000000000000000000000000000000000000000000000000000000000000000000000000000000000000000000000000000000000000000000000000000000000000000
0000000000000000000000000000000000000000000000000000000000000000000000000000000000000000000000000000000000000000000000000000000000000000000000000000000000000000000000000000000000000000000000000000000000000000000000000000000000000000000000000000000000000000
0101010100000000001000000000101100100010110010000100011001101000001110100000100010001111011001101000011001011000000000010000100000010011101100000000000100010100010010100110010110000000111100001010111000000010101000000110000001100111001100011110000111000110
0000110001010101000101011110001100100001100010000011011001101110000000010110110000010110010001000011010101011001001010100100010000000000011110000001001000101100110110000000100000000000000011011100101000010000101011000010011100001000010000000100000001011000
0010000100010000100001000001000000100000010001100100000000000101000010111100001100110100010011011011001100101000101000010101100010000101000010111000010111100100010001000000000001100000001010000000101010001000010000000001111000100100000101000010011011010010
0000001100001010001001000001000000010110010100000010000011010000000000110101000110001100000110000001000100100011000001000001110001011000001000100111000011000001000000010100000001001110000001101010001100101001000101100111010111100101001110010000010111100010
0000000000000000000000000000000001010000000000000000000000000000010011110000000011111100000000111111100000110000000000000000000001000000000000000000000000000000000000000000000000000000000000000000000000000000000000000000000000000000000000000000000000000000
0000000000000000000000000000000000000000000000000000000000000000000000000000000000000000000000000000000000000000000000000000000001010010000000000000000000000000000000001110000000001100000000000000000000000000000000000000000000000000000000000000000000000000
0100000001100000010000000100001001000000010000000100000001100010010011000100000001100000000000000111000001100000000000000110000001100000000000000100000001100000000000000110000001000000000000000100000001000000010000000100000001110000011000000110000001100000
0101000011000000011010000000000001100000000000000100001000000000000000000000000001101000000010000111000000000000010100000000000001000000000000000100000000000000011100000000001001100000000000000100000001000000011111000000100001000000000000000101011110000010
0101001011110001000100100100110000100101000001000011100001110000101101011100000001000011010001000010101110011001101000000111101001000000011111000100011011110110101000110101000110011100111011010100000101000001111100000011000010100110001010000010111111001100
0001110101001110101000100100110110001001011110100100000001110010110011001000010110000010101100010010000111001011011001101111100011001000010000000101010100000010000001001101001001111111101110011000010110100110000000000000100000110100000000010001000000000100
0000110000111011001010101111101100010000010001001100000000000000000000000000000000000000010000000000000000000000000000000000000000000000000000010000000000000000000100000000000000000000000000000000000000000001000000000000000000000000000000011000000000000000
0000000000000000010000000000100000000000000000000000000000100000000000001010000000010001100000000001000000000000000000000000001000000000010000000000010100100000000100001000000010000000000010000000000000000000000000001000000000000000000000001100100000000000
0100000000000000000000000000000000000000000000000000000000000000000000000000000000000000000000000000000000000000000000000000000001000000000000000000000000000000000000000000000000000000000000000000000000000000000000000000000000000000000000000000000000000000
0100110001001000010001000111111000011110111111100000000001000010010000000000000001000000000000000000000000000000000000000000000001000000000000000000000000000000000000000000000000000000000000000000000000000000000000000000000000000000000000000000000000000000
0000000000000000000000000000000000000000000000000000000000000000000000000000000000000000000000000000000000000000000000000000000000000000000000000000000000000000000000000000000000000000000000000000000000000000000000000000000000000000000000000000000000000000
0110000001000000011100000011000001111000000000000000000000000000010011000000110000000000000000000000000000000000000000000000111001110000100100100001010100000001011100000001001000010100000000110000100000101000100000000100000000000100010100000000000100110010
0111100100110101000011011100001110101100011110100001111010111010011010010100111111101101100000001000010010001001100100011111001010010001001010000010101111011100001010001010101100100001101011100010101000000101001111001001100101011110000110001011010110011100
0010111011010001000010010000010101101110101001011100011010110000111111111110001010001001010111001010010100000110011010000110011001000100011001000010110110010011000101000000110000001101111101111010101101110001000000010001000010000000000110001100001101010010
0000100011011011100100001101101000100110110101011110101100110011111011101000000001100001000101100001011011100010010010110111011010000001011110100001001110001010001000000011000000001010101110011010010000010000101110000011110110111010000110111101000001010110
0001010101010101001110100001110001110001001000010111000110000000111110001010001001011101011100101011101100011101011011101000100100010011010000011010011110011001011010100011001100111111011110101010010001101100111000101110000010101000000111001111010101000000
0111100110001111110100000110011111011101110100000111001001101110111101001111000111001001101111001101111010011111111001000101001011100100100100111010001000100110010000000110100000111100111101101000011001000100100001110001001011110001111100000110000001001000
0011111001101001001111101011010001010011010000010110110001000000001011011101110000010001000011111100110010010100110101000101000100000001010110110001000000110000000000100101000110001101100110011000000000000000000000000000000000000000100000000000000000000000
0110010101101000000101100001100101111100011111110010100000010101110100001010111000101001111001000100011100100110011011000101101010110001110011001010011100101111000000101111010000001000101110010111100010110011011101010011000111010011001001011010111010000100
0011110111011001011101001101111111001011101011001111110111100011101110101011110011000011001100110010000100001101000000000010011110100010010111110010000101010110001101101011010000000000000000000011000000111000000110010011000111111010100010110100000011101010
0110111001010110000110111001001110011001011110101100100010001000101111100101010111100011101101110100001010101000000111010110101100101111101011011011110001110000101111010001111001000011011001110101000110111011011101010111111101000001001001011110111111010110
0001001011001001100110101001100111111100100011110011001110100101110100001111010110111010101011011000001110001101001110110110010010011001101001101101101001101111100111101100101011010001111000010110010111110001000011111111101001110110010001010000111000101100
0111010001100000000000111001000000000000000000000000000000000000000000000000000000000000000000000000000000000000000000000000000000000000000000000000000000000000000000000000000000000000000000000000000000000000000000000000000000000000000000000000000000000000
0111100000100110011001100000011000100010000001100000011001100110000110000000011111100111100000000111000000000000000000000000000001100000001000000100000010000000000000000000000000000000000000000000000000000000000000000000000000000000000000000000000000000000
0111000000100000000000000000000001000000000000000000000000000000000000000000000000000000000000000000000000000000000000000000000000000000000000000000000000000000010000000100000000000000000000000000000000000000000000000000000000000000000000000000000000000000
0000000000000000000000000000000000000000000000000000000000000000000000000000000000000000000000000000000000000000000000000000000000000000000000000000000000000000000000000000000000000000000000000000000000000000000000000000000000000000000000000000000000000000
0000000000000000000000000000000000000000000000000000000000000000000000000000000000000000000000000000000000000000000000000000000000000000000000000000000000000000000000000000000000000000000000000000000000000000000000000000000000000000000000000000000000000000
0100000000000000000000000000000000000000000000000000000000000000000000000000000000000000100000000000011000000110010000000000000000000000000000000000000000000000000000000000000000000000000000000000000000000000000000000000000000000000000000000000000000000000
0000000000000000000000000000000000000000000000000000000000000000000000000000000000000000000000000000000000000000000000000000000000000000000000000000000000000000000000000000000000000000000000000000000000000000000000000000000000000000000000000000000000000000
0100000000110000010100000110010111111001011111111111111100101101101000011010101010000000111101110111001110101010100000001000000000100000010110011001101111000001000100000000000000000000000000000000000000000000000000000000000000000000000000000000000000000000
0101000000000000000000000000000001010000000000000000000000000000010100000000000000000000000000000111010000000000000000000000000001000000000000000000000000000000000000000000000000000000000000000000000000000000000000000000000000000000000000000000000000000000
0100011101000110111001101110110001100010110110010011001010001001000110001001000000000100010000000000000000000000000000000000000000010000000000000100010110111110101111001011110111111111101111011011011111110100010110110110111111111110101111100011010111111010
0100000000000000010000000000000001001100000000000000000000000000000000000000000000000000000000000000000000000000000000000000000001000000000000000000000000000000000000000000000000000000000000000000000000000000000000000000000000000000000000000000000000000000
0100000001000010010000000100000001000000000000000100000000000000010000000101111001000000011000000100000000000000010000000100100001111110011000000110000001100000000000000100000001100000010000000000000000000000010000000110000000000000010000000100000001000000
0110000001100000010000000100000001000100011000000110000000000000000000000100001000000000011000000101000001000000010000000100010001100000000000000100000000000000010100000100000001000000010100000100001001000000010010000100000001000100010000000110000001000100
0000000001000000000000000100000001001000000000000100000001000000010100000100000001000100000010000100000000000000010000000110000001000000011001000100000001100000000000000100000000000000010000000100000001000000010000000100000001000000010000000110000001000100
0000000000000000010000000000000001010000000000000111111111011110010000000000000000000000000000000111000000000000000000000000000000000000000000000110000000000000000000000000000001000000000000000000000000000000010000000000000000000000000000000100010001000000
0000000000000000000000000000000000000000000000000000000000000000000000000000000000000000000000000000000000000000000000000000000000000000000000000000000000000000000000000000000000000000000000000000000000000000000000000000000000000000000000000000000000000000
0000000000000000000000000000000000000000000000000000000000000000000000000000000000000000000000000000000000000000000000000000000000000000000000000000000000000000000000000000000000000000000000000000000000000000000000000000000000000000000000000000000000000000
0000000001010000010000000101000001100000011000000100000001000010000000000110000001001000010000000110001001000000011000000100000000000000000000000100000001000000000000000100000001000000011000000100000001100100010010000110000000000000010110000100100001000000
0110000000001011011100000010000100010001000010001001110010011111110000001111011100100010001110101010000110100111000010000000110000101001000101000101101000100110010000010000010001100001000100000010000000000100011000010001000010000001000000101000011000000100
0000000000010000001100100000100101100000000000100101010010000011100010101000011100000011101000100010001101000100101110001000000000101000010000001110010001111000000010001101101010000000000110000000001011100010000010001010000101000101000001011000001001100000
0000000110011000101101001100001010010001100001100101010100000000000000000100100101000000000000000001000011010100011011000000001000000000000000000000001000000000000010000100000010000100000101000000000010000000000000000000010000100000000100000010010001000010
0001000000000000000011000100000100000010000000000001000000000000000000000000000000000000000000000000100000010000000000000000000100010000110101000000001000000000000000010010000110010001000000000000000000011001000000100000000000000000111000000001100010000000
0111110011101101010001111011001011100100000000010001100000100001001011111101111011111011111111111011111111111110011100011110111111011110011101110100101110011100101101111001000011010111100110111100110110101100110111111111101101110110111000101001110001110010
0011101010111000111110110100111111010100110110111111111101100110111000011100111001111001110010111101010111110110110010110110101110100011101011101101101111110110010111010101000001011001010000101111000011100110011111000111011110111111111100011110101101110000
0011111000000110001111110100001110111111101101111111010110010100110110001011111110010111000111011011111101100100101010111001010010010110011010111011111010010110110100101111000101010111100101111110110011111111010011101100101111110111111110111011000000010010
0001111111000100100100111110111110010101110001000111100101111110101101111110001111110111111110001110101001111111011110010100111011101101110001111111110001001011110000010111100111111101001011101000010110111101110110101001101101011100110100010111111100100010
0011000101001110111101011111111011001110011111001110101110101001101011111101011011111110110011101000010010111101001100001100010000111011110101000100011000110011010001000110101111101001111100111100001110010111000110010100110101001110010111101011011010100100
0000101111100101010111101111110100100000010111001110010100001111011011110011011101011100111011100011101001011001000111111001111000111100100010011000110010010001011010111001000011101100110010100100011110100000000110010001100100110000111111010111000011000000
0010010010100010000111111100001101000111101000101100101001101011110110111010011011010111001101111111011011011111001100100010100000001111011110111111111000010111011111111111110011111011100101111011100001111010001110101000001001100100101110111111111101011110
0010111011101011111110110111100110101011110010101001111111110001111010100001010111101001011011111111000110111111001100111111111011011011011000111101011001011101100101101110011111011110011101011110001001111010100011111110010101111000010111011011110010111010
0100100100010101110000000000100010101011101001001101111010000111101011111111101001100111000110110001100000111000011100000100111011001011000011110111011001100101000000100000000101101000011001100010000100100010110111110010011100110000011111011100001001001010
0000010100111111101100100110100100101111111100001010000100011000111011111101000100010100100011001100000101010101111110010100001011111000010101000010110001000111110110111100001000110111100111000000101001101011111101100100101000011111100000010001101101000000
0010000000100000000001100100000010000000110110001001010010100010010000101001001010110100011000011101101100110010110101001011101110000000100000001110010101011001101011101100010101010101001100000100101000110001000000011000101010001111010100010101001100010110
0001000011100010101010000001100101000000000001100011011101100100100001101010101001110100000110000101000000000101101000011000000100010010000101100110101000000100000100100100011001100010001011100000100010100100100100100101100010001000000000000001000100100000
0110111110001101101111111111110011101111111001110111110111100011101110100101111001110011011011110010011110011111101100011001111101010100100000010001010000111000101000100100001001000100110001010110000101000101100100110000000010110111001011111101011010000100
0010100101001110110001110111001100010100111010110010100100001010101010011111011110001111001010001000011000100110001001001011011100101111101100000110110100010100110001101100100010101011110011011110010001000011110010110000010100100110110111111000100000001010
0100000000000000000000000000000000000000000000000000000000000000010000000100000001000000010000000100000001000000010000000100000001000000010000000100000001000000010000000100000001000000010000000100000001000000010000000100000001000000010000000100000001000000
0100111010001100001001100011100111110010000010010101011101100000011101000000000000100100000000101000010101010101101100001100001111101111111101111001000010001111101000101000100001010101100000000001000001000000000000001000101111110100000111100000000000000010
0000000000000000000000000000000000000000000000000000000000000000000000000000000000000000000000000000000000000000000000000000000000000000000000000000000000000000000000000000000000000000000000000000000000000000000000000000000000000000000000000000000000000000
0000000000000000000000000000000000000000000000000000000000000000000000000000000000000000000000000000000000000000000000000000000000000000000000000000000000000000000000000000000000000000000000000000000000000000000000000000000000000000000000000000000000000000
0000000000000000000000000000000000000000000000000000000000000000000000000000000000000000000000000000000000000000000000000000000000000000000000000000000000000000000000000000000000000000000000000000000000000000000000000000000000000000000000000000000000000000
0000000000000000000000000000000000000000000000000000000000000000000000000000000000000000000000000000000000000000000000000000000000000000000000000000000000000000000000000000000000000000000000000000000000000000000000000000000000000000000000000000000000000000
0000000000000000000000000000000000000000000000000000000000000000000000000000000000000000000000000000000000000000000000000000000000000000000000000000000000000000000000000000000000000000000000000000000000000000000000000000000000000000000000000000000000000000
0000000000000000000000000000000000000000000000000000000000000000000000000000000000000000000000000000000000000000000000000000000000000000000000000000000000000000000000000000000000000000000000000000000000000000000000000000000000000000000000000000000000000000
0000000000000000000000000000000000000000000000000000000000000000000000000000000000000000000000000000000000000000000000000000000000000000000000000000000000000000000000000000000000000000000000000000000000000000000000000000000000000000000000000000000000000000
0000000000000000000000000000000000000000000000000000000000000000000000000000000000000000000000000000000000000000000000000000000000000000000000000000000000000000000000000000000000000000000000000000000000000000000000000000000000000000000000000000000000000000
0000000000000000000000000000000000000000000000000000000000000000000000000000000000000000000000000000000000000000000000000000000000000000000000000000000000000000000000000000000000000000000000000000000000000000000000000000000000000000000000000000000000000000
0000000000000000000000000000000000000000000000000000000000000000000000000000000000000000000000000000000000000000000000000000000000000000000000000000000000000000000000000000000000000000000000000000000000000000000000000000000000000000000000000000000000000000
0000000000000000000000000000000000000000000000000000000000000000000000000000000000000000000000000000000000000000000000000000000000000000000000000000000000000000000000000000000000000000000000000000000000000000000000000000000000000000000000000000000000000000
0000000000000000000000000000000000000000000000000000000000000000000000000000000000000000000000000000000000000000000000000000000000000000000000000000000000000000000000000000000000000000000000000000000000000000000000000000000000000000000000000000000000000000
0000000000000000000000000000000000000000000000000000000000000000000000000000000000000000000000000000000000000000000000000000000000000000000000000000000000000000000000000000000000000000000000000000000000000000000000000000000000000000000000000000000000000000
0000000000000000000000000000000000000000000000000000000000000000000000000000000000000000000000000000000000000000000000000000000000000000000000000000000000000000000000000000000000000000000000000000000000000000000000000000000000000000000000000000000000000000
0000000000000000000000000000000000000000000000000000000000000000000000000000000000000000000000000000000000000000000000000000000000000000000000000000000000000000000000000000000000000000000000000000000000000000000000000000000000000000000000000000000000000000
0000000000000000000000000000000000000000000000000000000000000000000000000000000000000000000000000000000000000000000000000000000000000000000000000000000000000000000000000000000000000000000000000000000000000000000000000000000000000000000000000000000000000000
0000000000000000000000000000000000000000000000000000000000000000000000000000000000000000000000000000000000000000000000000000000000000000000000000000000000000000000000000000000000000000000000000000000000000000000000000000000000000000000000000000000000000000
0000000000000000000000000000000000000000000000000000000000000000000000000000000000000000000000000000000000000000000000000000000000000000000000000000000000000000000000000000000000000000000000000000000000000000000000000000000000000000000000000000000000000000
0000000000000000000000000000000000000000000000000000000000000000000000000000000000000000000000000111011000000000000000000000000000000000000000000000000000000000000000000000000000000000000000000000000000000000000000000100001000000000000000000000000000000000
0000000000000000000000000000000000000000000000000000000000000000011000100000000000000000000000000000000000000000000000000000000000000000000000000000000000000000000000000000000000000000000000000000000000000000000000000000000000000000000000000000000000000000
0000000000000000000000000000000000000000000000000000000000000000000000000000000000000000000000000000000000000000000000000000000000000000000000000000000000000000000000000000000000000000000000000000000000000000000000000000000000000000000000000000000000000000
0000000000000000000000000000000000000000000000000000000000000000000000000000000000000000000000000000000000000000000000000000000000000000000000000000000000000000000000000000000000000000000000000000000000000000000000000000000000000000000000000000000000000000
0000000000000000000000000000000000000000000000000000000000000000000000000000000000000000000000000000000000000000000000000000000000000000000000000000000000000000000000000000000000000000000000000000000000000000000000000000000000000000000000000000000000000000
0000000000000000000000000000000000000000000000000000000000000000000000000000000000000000000000000000000000000000000000000000000000000000000000000000000000000000000000000000000000000000000000000000000000000000000000000000000000000000000000000000000000000000
0000000000000000000000000000000000000000000000000000000000000000000000000000000000000000000000000000000000000000000000000000000000000000000000000000000000000000000000000000000000000000000000000000000000000000000000000000000000000000000000000000000000000000
0000000000000000000000000000000000000000000000000000000000000000000000000000000000000000000000000000000000000000000000000000000000000000000000000000000000000000000000000000000000000000000000000000000000000000000000000000000000000000000000000000000000000000
0000000000000000000000000000000000000000000000000000000000000000000000000000000000000000000000000000000000000000000000000000000000000000000000000000000000000000000000000000000000000000000000000000000000000000000000000000000000000000000000000000000000000000
0000000000000000000000000000000000000000000000000000000000000000000000000000000000000000000000000000000000000000000000000000000000000000000000000000000000000000000000000000000000000000000000000000000000000000000000000000000000000000000000000000000000000000
0000000000000000000000000000000000000000000000000000000000000000000000000000000000000000000000000000000000000000000000000000000000000000000000000000000000000000000000000000000000000000000000000000000000000000000000000000000000000000000000000000000000000000
0000000000000000000000000000000000000000000000000000000000000000000000000000000000000000000000000000000000000000000000000000000000000000000000000000000000000000000000000000000000000000000000000000000000000000000000000000000000000000000000000000000000000000
0000000000000000000000000000000000000000000000000000000000000000000000000000000000000000000000000000000000000000000000000000000000000000000000000000000000000000000000000000000000000000000000000000000000000000000000000000000000000000000000000000000000000000
0000000000000000000000000000000000000000000000000000000000000000000000000000000000000000000000000000000000000000000000000000000000000000000000000000000000000000000000000000000000000000000000000000000000000000000000000000000000000000000000000000000000000000
0000000000000000000000000000000000000000000000000000000000000000000000000000000000000000000000000000000000000000000000000000000000000000000000000000000000000000000000000000000000000000000000000000000000000000000000000000000000000000000000000000000000000000
0000000000000000000000000000000000000000000000000000000000000000000000000000000000000000000000000000000000000000000000000000000000000000000000000000000000000000000000000000000000000000000000000000000000000000000000000000000000000000000000000000000000000000
0000000000000000000000000000000000000000000000000000000000000000000000000000000000000000000000000000000000000000000000000000000000000000000000000000000000000000000000000000000000000000000000000000000000000000000000000000000000000000000000000000000000000000
0000000000000000000000000000000000000000000000000000000000000000000000000000000000000000000000000000000000000000000000000000000000000000000000000000000000000000000000000000000000000000000000000000000000000000000000000000000000000000000000000000000000000000
0000000000000000000000000000000000000000000000000000000000000000000000000000000000000000000000000000000000000000000000000000000000000000000000000000000000000000000000000000000000000000000000000000000000000000000000000000000000000000000000000000000000000000
0000000000000000000000000000000000000000000000000000000000000000000000000000000000000000000000000000000000000000000000000000000000000000000000000000000000000000000000000000000000000000000000000000000000000000000000000000000000000000000000000000000000000000
0000000000000000000000000000000000000000000000000000000000000000000000000000000000000000000000000000000000000000000000000000000000000000000000000000000000000000000000000000000000000000000000000000000000000000000000000000000000000000000000000000000000000000
0000000000000000000000000000000000000000000000000000000000000000000000000000000000000000000000000000000000000000000000000000000000000000000000000000000000000000000000000000000000000000000000000000000000000000000000000000000000000000000000000000000000000000
0000000000000000000000000000000000000000000000000000000000000000000000000000000000000000000000000000000000000000000000000000000000000000000000000000000000000000000000000000000000000000000000000000000000000000000000000000000000000000000000000000000000000000
0000000000000000000000000000000000000000000000000000000000000000000000000000000000000000000000000000000000000000000000000000000000000000000000000000000000000000000000000000000000000000000000000000000000000000000000000000000000000000000000000000000000000000
0000000000000000000000000000000000000000000000000000000000000000000000000000000000000000000000000000000000000000000000000000000000000000000000000000000000000000000000000000000000000000000000000000000000000000000000000000000000000000000000000000000000000000
0000000000000000000000000000000000000000000000000000000000000000000000000000000000000000000000000000000000000000000000000000000000000000000000000000000000000000000000000000000000000000000000000000000000000000000000000000000000000000000000000000000000000000
0000000000000000000000000000000000000000000000000000000000000000000000000000000000000000000000000000000000000000000000000000000000000000000000000000000000000000000000000000000000000000000000000000000000000000000000000000001000000000000000000000000000000000
0000000000000000000000000000000000000000000000000000000000000000000000000000000000000000000000000000000000000000000000000000000000000000000000000000000000000000000000000000000000000000000000000000000000000000000000000000000000000000000000000000000000000000
0000000000000000000000000000000000000000000000000000000000000000000000000000000000000000000000000000000000000000000000000000000000000000000000000000000000000000000000000000000000000000000000000000000000000000000000000000000000000000000000000000000000000000
0000000000000000000000000000000000000000000000000000000000000000000000000000000000000000000000000000000000000000000000000000000000000000000000000000000000000000000000000000000000000000000000000000000000000000000000000000000000000000000000000000000000000000
0000000000000000000000000000000000000000000000000000000000000000000000000000000000000000000000000000000000000000000000000000000000000000000000000000000000000000000000000000000000000000000000000000000000000000000000000000000000000000000000000000000000000000
0000000000000000000000000000000000000000000000000000000000000000000000000000000000000000000000000000000000000000000000000000000000000000000000000000000000000000000000000000000000000000000000000000000000000000000000000000000000000000000000000000000000000000
0000000000000000000000000000000000000000000000000000000000000000000000000000000000000000000000000000000000000000000000000000000000000000000000000000000000000000000000000000000000000000000000000000000000000000000000000000000000000000000000000000000000000000
0000000000000000000000000000000000000000000000000000000000000000000000000000000000000000000000000000000000000000000000000000000000000000000000000000000000000000000000000000000000000000000000000000000000000000000000000000000000000000000000000000000000000000
0000000000000000000000000000000000000000000000000000000000000000000000000000000000000000000000000000000000000000000000000000000000000000000000000000000000000000000000000000000000000000000000000000000000000000000000000000000000000000000000000000000000000000
0000000000000000000000000000000000000000000000000000000000000000000000000000000000000000000000000000000000000000000000000000000000000000000000000000000000000000000000000000000000000000000000000000000000000000000000000000000000000000000000000000000000000000
0000000000000000000000000000000000000000000000000000000000000000000000000000000000000000000000000000000000000000000000000000000000000000000000000000000000000000000000000000000000000000000000000000000000000000000000000000000000000000000000000000000000000000
0000000000000000000000000000000000000000000000000000000000000000000000000000000000000000000000000000000000000000000000000000000000000000000000000000000000000000000000000000000000000000000000000000000000000000000000000000000000000000000000000000000000000000
0000000000000000000000000000000000000000000000000000000000000000000000000000000000000000000000000000000000000000000000000000000000000000000000000000000000000000000000000000000000000000000000000000000000000000000000000000000000000000000000000000000000000000
0000000000000000000000000000000000000000000000000000000000000000000000000000000000000000000000000000000000000000000000000000000000000000000000000000000000000000000000000000000000000000000000000000000000000000000000000000000000000000000000000000000000000000
0000000000000000000000000000000000000000000000000000000000000000000000000000000000000000000000000000000000000000000000000000000000000000000000000000000000000000000000000000000000000000000000000000000000000000000000000000000000000000000000000000000000000000
0000000000000000000000000000000000000000000000000000000000000000000000000000000000000000000000000000000000000000000000000000000000000000000000000000000000000000000000000000000000000000000000000000000000000000000000000000000000000000000000000000000000000000
0000000000000000000000000000000000000000000000000000000000000000000000000000000000000000000000000000000000000000000000000000000000000000000000000000000000000000000000000000000000000000000000000000000000000000000000000000000000000000000000000000000000000000
0000000000000000000000000000000000000000000000000000000000000000000000000000000000000000000000000000000000000000000000000000000000000000000000000000000000000000000000000000000000000000000000000000000000000000000000000000000000000000000000000000000000000000
0000000000000000000000000000000000000000000000000000000000000000000000000000000000000000000000000000000000000000000000000000000000000000000000000000000000000000000000000000000000000000000000000000000000000000000000000000000000000000000000000000000000000000
0000000000000000000000000000000000000000000000000000000000000000000000000000000000000000000000000000000000000000000000000000000000000000000000000000000000000000000000000000000000000000000000000000000000000000000000000000000000000000000000000000000000000000
