0101011111111111111111111111111101111111111111110011111111111111111110111111111111111111011111111111101111111110100111111101111111111011111111111111111101111111111110111011111111111111111111111111111111101111110011101111111110011011010000000000000000000000
0111111111110111111111110101111111111111111111111111111110111011111111110111101111111001111111111111111100110111110101111100110001111111101111011111111111111111111111111111111111101111111111100101111110111011101111111111111001111111111111111111111011111110
0110111111001111111011111111111111111111111111011111111111101010010011111111000011010011100100000110111011111111110111011111111001111111110111111111111111111111111111111011111111111011111111100100001101010000000001110010111011111111111111111011011110110110
0111110011110111111111111011001000000000000000000000000000000000010000100000000000000000000000000000000000000000000000000000000001111110111111111111111011101111111111011111111111111111101111100101101011100011010000101001001000111000001111010000101000111000
0011111111111100111100110111111110111111111111111110111111111111110111111111101111111111111110111111111111011111111111010111111110111111111111111111111110111111111111001110111000110111111110111111101111110001111111011111101111111101111111111011101110111100
0000000000000000000000000000000000000000000000000000000000000000000000000000000000000000000000000111001110111101111111100111011000000000000000000000000000000000000000000000000000000000000000000110010001100110011111100111000000000000000000000000000000000000
0110000000000000000000000000000000000000000000000000000000000000000000000000000000000000000000000000000000000000000000000000000000000000000000000000000000000000000000000000000000000000000000000000000000000000000000000000000000000000000000000000000000000000
0111110111111111110001101111110111111111111111011111111111110111111111111111111110111111111111111111111111111001100110101111111111111111111001111111111111111101111111111111101111111111111100111111110111111111110111101111111111111011010111111110110111111010
0000000000000000000000000000000000000000000000000000000000000000000000000000000000000000000000000000000000000000000000000000000000000000000000000000000000000000010000000000000000000000000000000000000000000000000000000000000001100000011000000000000000000000
0111111111011111111111111111110111111110111111111111111111111111111111111111111011111111111101111011011111111111111110111111111111111111111111111111110111111111111110111111111111111111111011001110111111111111111111110111111111111111111111101111011111110010
0000000000000000100000000000000000000000010000000000000000000000000000000000000000000000000000000000000000000000000000000000001000000000000000000000000000000000000000000000000000000000000000000100000000000000000000000100000001111001001000100000000000000010
0110000000000000000000000000000000000000000000000000000000000000000000000000000000000000000000000000000000000001000000000000000001100000000000000000000000000000000000000000000000000000000000000000000000000000000000000000001000000001100000000100000000010000
0111111101111111101111100111111111101111101111111111101111111110010000000000000000000000000000000000000000000000000000000000000001111000111001100000000000000000000000000000000000000000000000000111001111101011100111011011111111101101101110111100111101000000
0111111101110110111111111111111111111111111111111111111111111111111111111111111011111111111111111111111111111111011111111100111111111111111100101111111111111111111111111111111111111110111111101011110110111111111011101101001111111111001111111111111111100110
0000000000000000000000000000000000000001111100000000010000000001000000000000100000000100101111111111000111101101111011101000111001110100011111111011111111111111111101110111111111111111111111100111111111111111111111111111111111111111110111111101111110111100
0111111111111111111101111111110111111111111111111111011101111111111111011100111011111111111111111111111111110000110111011100111101010010110101101001110111100000000000001001000011000110110101110000000010010110000000111000110010000000101000000000001000000010
0101110110111001110111110011111111011111011111111011111111111111111111111101110111011011111110001011010011110010011111001110111001010100110110111111111111101101111100011101111111111101011011000110000001100000011100000100000001111111011111111111111111111110
0000000000000000000000000000000000000000000000000000000000000000000000000000000000000000000000000000000000000000000000000000000000000000000000000000000000000000000000000000000000000000000000000000000000000000000000000000000000000000000000000000000000000000
0111111111011111111111111111111111111111111111111111111111111111111111111111111111111111111111111111111111101111111111111011111111111111111111111111110011011111111111101111111111011111011111111111110101111111111111111111111101111111111111111111111111111110
0111111101111111110111101111111011111111111011111111101111110101111101111111111011111111111101111111111111111111111101111111111111010110111110111111010110111001111111111101111111011011001011000010000000000000000000000000000001010100000100000000001000000000
0111110111111011111111111111111111111111111101111111111111111110011011110111111111111111111110100100000000000000000000000000000001000000000000000000000000000000000000000000000000000000000000000101100110101111010111110111110001000000010000000100000000000000
0100110110100001101110100010101111100100101011111101001110100011100001111111011101000111111111011111111101001100000000000000000000000000000000000000000000000000000000000000000000000000000000000000000000000000000000000000000000000000000000000000000000000000
0000000000000000000000000000000000000000000000000000000000000000011111111111111011111111101111100111111111111111100000000000000001000011000000000000000000000000000000000000000000000000000000000100000000000000000000000000000001111111111111111111111111111110
0111111111111111111111111111111111111111111111111011111111010111111111111111111111111111111111111111111110111111111101111111111101111111111110011111111011111111111101110111111110111111110111111100101100010101111001001110010011011111100000001000001000001000
0111111111111111111111111111111001111111111111100000000000000000010000000000000001000000000000000100000000000000010000000000000001111110111111111111111111101110011111011100011011001001000000000111100000000000011111111111111001000000000000000100000001111000
0111111111111111111111111111110111111111010111111011111111111101111111011111111111111111111111111111111111111111011111111000101111011111111111011111111111111111110111110111011111111011111111111111111111111100111111011100110011110110111101001111100110001110
0111110111110111101111111110111111111111111111101111110111111111101111111111111011111111111101101111011011010111111111011110111111110111111101111111111100111111110110111011110011111111111111111011111111001110111011111111011111011100000111111111010100001010
0111111111111111110111111111111111111111111110111111101010111111111111111111111111111111111111111111111110111111111111111111101111111101011011111111010111111111111110101011011101101111111111000110010001000000000000000000000000000100000001000000000000010000
0111011011111111111011111111111111111111111101111101110111011111011111011111111011111111101111111000111010111111111011001101110011000000000000000010000000000000001000000000000000000000000000010111111111111111111111011111111001000000111000100100110000000010
0111111111110111111010111111111001111111111101111111111111110111111111111111111111011111011010101101110101110011100111110101111011111111011010011011011111111100011001111101101111111111101111110011000111111001100011010100110011100010100100000000000000000100
0111101100111111111111001111111101110010110111011010011110011100011001111110110111111011111110011110111000000000000101000000000001111101111101110111111111111111101011110111011111111111111101100111111110111101101011011100111101001110110010111100010101010100
0111101111111111111111111111101111111111111111111111101111111111111111111110101111111111011111110111111011111111111111111110111111111101111111101111110111111110011111111101011111111111111100111111111111011110111011111111011100101111111101101110111111011100
0101001001010101111101100010101001111111111111111111111111100110011010111110100101101101111111110111110111000100011100000000000001000000111111011110101011111010111111001111101111111100111101110000000000000000000000000000000000000000000000000000000000000000
0111111111111011111100110111101101111000111111111110111101111101101111111100111111111111100111111011011110000111010000000000000001000100100001011000010001001010000000001001000001000010010000101000000000011001010010000001000010000001001000000001011010100110
0000000000000000000000000000000000000000000000000000000000000000000000000000000000000000000000000000000000000000000000000000000000000000000000000000000000000000000000000000000000000000000000000000000000000000000000000000000000000000000000000000000000000000
0101111111101111011111111101111111111111101111101101101111111011111111111110110111011111111111111111111111111011101101111111111001111111111111111111111111111111111111111111111111111111111111100111111111111111001111111111111001011010101010000101000000000000
0111110100111111101111111111011101110101101100000000000000000000010101101111111111111110111111111110011110111111111111111111111001011011111111010110111011101011011111101111011111010011000011100110101010011111011011111101110110011101010110011111010011100000
0101111111111111011111111111111110111011110101110111111110111111110110101110111110111110101101111111011011111101100111110111111001111011101111011111101111100111011011010011111110101111011111111111101010000000100101000000110000010001000010000100001000000010
0111011111111111111111111011111111111111111111111101111111011111011111001011111111101111111111111111111111111111111111111111010011111111111111111111111111101111111111111011011101111111011111101111101011111011010011100111010001101100001010011001100011110110
0111110101111111110011111111011111111100111111101011110111101010110101111111011110111111010010111110000101100101000100000000000001011111111011111110101001110011111111101111111011111111011111010111001001000000010000101010010000000010000011000001000100000100
0110111111111101111111111111010111011111101011111110111111011101101111100111111010111011111111011101111101111100100111111111111011111010010111111011110011110001110111101110010011011010001010110011111110010111111111111111011111111111110010111110001111111110
0111111111111111111111111111111111111111111111111111011111111111111111110111111110101110101111110111111101010000101100001001000001000000000101100101111111111110010111001010000000000000000010000111100111111111101111111111110111101111111111011111011111111110
0111000001100100011001100111000000000100010001000111000001100000010001000100000001100110010001100100010001000000010001000100000001000100010001000100011001000100010001000000011001100110011001100110011001100110010001100100011001100100011001100110010001100000
0111110111111110111111100111101111111111111111110000111111110101001000100000000001001000000001000100010000000000100000000000011001111110111101110110110011101100111111101111101101011111111111100111111111111111111111111111111111111111101111110111111111111010
0111111101111110111111111111111111111111111111111111111111101111111111111100001111111111111110111111110101111111111111011111111111110111111111111111111011111111111111111011111101111011011111111111111111101111101110011101111011111111111111001100000111010110
0101111110111111111111111111110111111111111111111111111111101111111111001111111111101111110110111111111111111111111111111111010111110100001110011010010010000000000101100110000100000010010101111100001000000000111100100010110011011101101001100110000100000110
0111001110001011100110001100001011101110110010001001001110110001001101111010101110111110111011010011000100110000001000000111010011101110001111011111010111010100000101001100111110100110010010111111111000000000100000000000000000000000000000000000000000000000
0011000000010000000011111100001000000000100000000000001000000000000000000000000000000000000000000000000000001000000000000000000000000000000001000000000000000000000000000000000000000000000000000000000000000000000000000000000000000001110010001110000000000000
0101111111111111111111111111111111111111111101101111110111111110111111111011111111111111111111111111111111111111111111111111111111111111111111111111111111111111111111111111111111111111111111111111111111111111111111111111111011111111111111111111111111111010
0110111111111111111111110111111111111111111111111111111111011101111111111111111011111111111110111111111111111011011111111011111001101101111111011111111111101101111111111110111111101111011001101111011010111111110111101111111111111111011100001000000000000000
0000000000000000000000000000000000000000000000000000000000000000000000000000000000000000000000000000000000000000000000000000000000000000000000000000000000000000000000000000000000000000000000000000000000000000000000000000000000000000000000000000000000000000
0100100000000110011000000110011001100110011001100110011001100000000000000000011001111111111111100111111111111111111011111011111001100000011010101000000010000000011100000000000001000000000000000101011111100110011111111111110001100110000001100110100000000100
0101110010001001001111101001010101111111011111111011101101111010111111110100000101101111111110110011010111110111101000111111111111111111001111111100011100010111001110110110111111110100001010101111111101011001010000000000000000000000000000000000000000000000
0000000000000000000000000000000000000000000000000000000000000000000000000000000000000000000000000000000000000000000000000000000000000000000000000000000000000000000000000000000000000000000000000000000000000000000000000000000000000000000000000000000000000000
0101111111111101111111111111111101110101111101111111111111111111011111011111111111111111011101111101101111111111111011100111111111111101111111111110111110011111111011111111101111111011111101111111111111111001101101010000000011111000000000000000000000010000
0111011111110111101101111111111101010111101011111111100011111101111111111111111111001101111111111101111111111011111110110011111111111111011111111111111111111001100010011001111000111001011000001000011001000000000011000000100001000000000000000000010000010000
0000000000001110000000000010000000111101110000000001000000000000000000000000000000000000000000000000000000000000000000000000000001111111111111111111111110010101111111111111101111111111110111101111111111111111111111111111011111111111111111111111111111111010
0111111111111111111111111111111111111111101111111111111101111111111111111111111111111101111011101111111111111111111111111111111111101111111111111110111111111111111111111111111111111111111111101111111111111111111101111010111111101111111110111111110011111100
0111111110111111101111111111111111011111111111101111111111111111111111111111111111111111111111111111011111111101110111111110110101111111111111111111100101101011111111111011101111000000001001111110101100000000000000000000000000000000001000000000100000000010
0101111111111011111111111110110111111010111111111111111111111110011111111111111111011001101101111101110110101010011000000000000001111111111011111011111011111111111111111111111111110111111111111111111101111110111111111011111011011001111111111111111111011110
0111111111111111111111111111111111010111111111111111111111101111111111111110011110111110111111111111111111110101111111111101101111111111111111111111111111111111111111111111111101111100110110001000000000000000110101110001010111010000010110110100100100000000
0011011111111111111111111111111111111111011111110111101101111101110111111111110111011110011111111111110111111101111111111111111101011011010110111111111111011011001110101110111011111101001111111010111110010101100111111111111010110011100111110101000001110000
0111111110111111111111111111111011111111110111111111111111101111011111111111111111111111111111111111111111111111010111111111111111111111111110111111111110111111111111111111111111011101111111111111010000100100100010010000010000001000000111000100000000010100
0110011000000110000001100110000000000110000000000000000000000000000000000000000000000000000000000000000000000000000000000000000000000000010000000000000000000100000000000000000000000000000001100000000000000110001000100010000000000000000000000000011000100000
0111111111110111111101111111111111111111111111111111111111111111111111111111111111111110111111111111111111111111111111110111111001111111111111110101010101111111011111111111111111111111110111101010111111011110111111111011111111111111111111111111110111111100
0000000000000000000000000000000000000000000000000000000000000000000000000000000000000000000000000000000000000000000000000000000000000000000000000000000000000000000000000000000000000000000000000000000000000000000000000000000000000000000000000000000000000000
0100110110111001101111111111111111111110111111111011111110101111111111110111110110111111111111110111101100011101101110010111111011001100011000110000110100000111000100100000000001000000100000000100000000000000000000000000000000000000000000000001000000000000
0111111101110001011111110010110001000010000000000000000000000000011010100001000000000000000000000000000000000000000000000000000001111111111111111111101111111111111111111111111111111111111110111111111111111111111111111111111111111111111111111111111111110110
0100000000000000110010000000001010110000000010010000000000100000000001000000010011100000001110011100101001111110001110010111011000000000000000000000000000000000000000000000000000000000000000000000000000000000000000000000000000000000000000000000000000000000
0101110100100001111101111010101010111011111110111111111010000000111110110000000000000000000000000000000000000000000000000000000000000000000000000000000000000000000000000000000000000000000000000000000000000000000000000000000000000000000000000000000000000000
0111111111101111111111111111111111111111111111111111111111111111111111011111111111111111111111111111011111111111111111111111111001110101111000111101111111011100111111111111101111111011110101111111101100111011111111111111110011110111111111110011110001111010
0111111110111011111110110111101101101111110111011101010101001110011100111000000000000000000000001111110111111110000000000000000001111111111111111110111111111111111111111111101111111111011111111111111111111111111111111111111111111111111111111110111111111110
0100110010111001111111111110101111011101011011101111111111111111111111111011110000000000000000000000000000000000000000000000000001111101111111111101111110111101101111011111111100110110111111101111111111100111011110111101001000000010110111110100111001011100
0000000000000000000000000000000000000000000000000000000000000000000000000000000000000000000000000000000000000000000000000000000000000000000000000000000000000000000000000000000000000000000000000000000000000000000000000000000000000000000000000000000000000000
0111111111111111111111110111101111111111111111101111111111111111111111111111111111111111111111110111111111111111111111111011111111111111111111111111111111111111111111111111111111111111111111111111111111111111111111111111111111111111111111111111110111111110
0000000000000000000000000000000000000000000000000000000000000000000000000000000000000000000000000000000000000000010000001000000000000000000000000000000000000000000000000000000000000000000000000000000000000000000000000000000000000000000000000000000000000000
0111110000001010111011010100011110000000000000000000000000000000011111001101010111110100000000000000000000000010100000000001000001111101111111111111111011111111111111111111111111111111111111111111111111111111111111111111111111111111111111111111111111111110
0111111011111111111111111111111111111011111101110111111111110111111101111011111011111111111001011111111111011111111111111110111111111111111111111111111111111111111110111011111011111110111111111111111111111011111100111110111010111110011111101111111111111110
0101111101111111111000111011010101001010111000101111111111111111101101111110100001111011010101101111111110101110110101110111001011110000010000011001010010000111010110000000000000000000000000000000000000010000000000000000000000000000000000000000000000000000
0100010000011011101000011111110111111110000011110111010111111110110110011111101010111111111111111011111100111110110110000000000000000000000000000000000000000000000000000000000000000000000000000000000000000000000000000000000000000000000000000000000000000000
0111111111110110110001110011110011010111111111111011011111111101011111111111100111111111111001100101010000011010010101110000111111011111111110111000110000001110001001010000001011011110000111000010000000000000000010100000001000000000010100001000000000000000
0111111111111101111111011101111111111011101111111111111110111111111111011111111111111011111110111111111111111111111111011111111111111111111100111111111111111111111111111111111111110111111111111111111111010100100111111110011111111111111100111100101001001000
0111111111100111101111010111111111000111111111101111111111100111111110011111110101110011111111111111111111111111111111111111111111111111111111111101111111111111111111111110111111111111111111111111111111111000111111101111111111111111111011111111111101111110
0000000000000000000000000000000000000000000000000000000000000000000000000000000000000000000000000000000000000000000000000000000000000000000000000000000000000000000000000000000000000000000000000000000000000000000000000000000000000000000000000000000000000000
0111111011111111111111111111011111111111111111111111111011111111111111111110111111111111111111111111011011111111111111111111111111111111111111111111111111011111111111111111111111111111011111101111111011111110111011110111110111111111110000101110011101100000
0000000000000000000000000000000000000000000000000000000000000000000000000000000000000000000000000000000000000000000000000000000000000000000000000000000000000000000000000000000000000000000000000000000000000000000000000000000000000000000000000000000000000000
0111111111111110111111111111011111111111111111101111110111101101111011111111111111011111111111111111001111111111110110111111111111010111100100001010001111010011111110000101110001001001000100011111011000110011011111110001100000111100001000100000101110001110
0111111111111111111111111101111111111111111111111011100111101111111011111111111011111111111111111110111111011110111101111111111111111111111011111111111111111111111111101111110111111111111101110001111111011111111111111110110110010111101011001101100000110110
0111110000000000000000000000000000000000000000000000000000000000000000000000000000000000001000000010110010101101001110000010110111011000000010111000000000000001111111111101110000011100000000100000000000000000000000000000100001000000000000000010010100110110
0111111111111111111110111111011111111111101111111111011111111111111111111110111111111111111111111111110111111111111111111111111111111111010111111101111111111111111111111110111111111111011111111111111111111011110111111111111111111111111111111111111011111110
0100100000000000000000000000000000000000000000000000000000000000010000000000000001111110000000000100000000000000011111100000000001111111111111111101111111111111111111111111111111111111111111100000000000000000000000000000000000000000000000000000000000000000
0111111111111011111101111111111111111111111111111110111111111111111111111011111111111111111111111111111111111111111111111111110000111111111111111111110101111111111111101111111111111111111111111011011111111111111111111111111111111111010111101111101111111110
0111111111111111111111111111111111101110111111111111111111111011111011111101110111111111101111110111110111111111111101111111111111111111111011111111110111111111111101011010111111110111111110111011010101110100001111000100000000000000000000000000000000000000
0111111111111111111111111111111001101000000000000100000000000000010000000000000001000000000000000000000000000000000000000000000000000000000000000000000000000000010000000000000000000000010000000111111011111111111011111111111111111001111111111110111111111010
0111111111111111110111111111111111111111011111111111111111111110011111111111111111111111101111111111111111011111111111111011111001111111111110110111111111111110101111111011111111111111011111111111111111110111111111111100010010110100010000000000000000000000
0011110111111111111111111111111111111111111011110011111110011101111111111110111111110111111111111111111011111111111111011111111110011111010111011011011011110010011000000000000000000000000011000000000000000000000001111111111111110111100000100000010000001100
0000000000000000000000000000000000000000000000000000000000000000000000000000000000000000000000000000000000000000000000000000000000000000000000000000000000000000000000000000000000000000000000000000000000000000000000000000000000000000000000000000000000000000
0111111111111111111011111111111111111110111011101010111110111111101111111111101111111110111110100111111111111111111111011111100101101110011111010110110101101001101011110101001101111100000000010100110000000000000001000000000000000000000000000000010000000000
0111000011000110100000001001010001011011101111111111111100111010010001011011100000000000000000000000000001000000010000100000000001000000000000000000000000000000011101101011110111111111111110100111111111111111111101111111101111111111111011111111111111111110
0110101111101111111111110011111110111111111111100111111111111110111111111011111101111011101111111101101111011101111111111011110111101111110111111011101111010111011111111110111001101111001010111001000001001100110000000100100001000000100000000000000000000000
0000000000000000000000000000000001000000000000000000000000000000011111101101110111101111111001100111010111101011110111111000000000000000000000000000000000000000010000000001100000000000000000000101101000000000000000000000100001000000000000000010000000001010
0000011000000000000000001000000010000000000000100001000000000001000001000111000000100000000000000000000000000001000100001001000000100000000000000000000000000000000000000000000000000000000000000000000000000000000000000000000000000001100100000110000000000000
0101011111110110111111100111111111111110111000111111110111001111011111011101011111111111100010111111111111111111010001111101111111111111111001011001111111111111010111001101011101111111111100111011110011101110101010001100000110000001011000000000000010000000
0111110111111111101111111111111101101101111011001101011101101111111111111111111101110111111110111111111101111011111111011111111001110110111111111101011101011101111101101111111101001110111001011001000111110000000010111010011101000011110111000111101111111100
0000000000000000000000000000000000000000000000000000000000000000011101000111100001100110010001100100000001000000011100001110000000000000000000000000000000000000000000000000000000000000000000000000000000000000000000000000000001111011111111111101111111111110
0000000000000000000000000000000001010001110001001111101100010010011111111111111111111111111111100000000000000000000000000000000001000000000000000000000000000000010111110101111111111000111111100111111111111111111111111111111110111111111111111111110011111110
0111001011111111111111011110011111111111111111101100111111111101111111110111010011111111111101111011111010110000010010100010000001111111111111111111111111111011111111111111111111110111111111111111110111111111111101111111111111011111111111111111110111110110
0100010000000000000000000000000001011111101111010110111111011110011111111111111111111111111111011111111111111111011111111111011001011111100110111111111111111010011111111010111111111101111100100111111101110111101110011101110001100101111111111111011111111110
0111111111111111111100110111110111100111111110111011100111111111111111010011010111110111111010001111110110101111111011110011111110001111111111101111111100101111100111111111111010011011011001101001111011010001111101010001100111101100000100000000010010000000
0101111111111111111111101111111111110111111101111111110110111111111111111111111111111111011110101101011111100110111111111010111011101000000000000001000000101000100000101000000100000000000000000010000000000000000000000000000000000000000000000000000000000000
0100000100100000000001100100000001000000011010100110000110000000011111100111111001111100011010000100000001000000010000000111110001000000000000000100000000000000010000000000000001000010100001000100000000000000010000001001000001001000010010000100001001000000
0100011000001010010000000100000000000000000000000001000000000000011111111111111101111111111111011111111111111101111101111110111000000000000000000000000000000000010010000000000000000000100000000100001001000101100000001010001001111101111111111101111111111110
0111111111000111111111111011111110111111111111111111010110111011111111111111110111111111111111111111110111111111111111111111111111110101111111111111110111001110111110111011111111111111111110110111111111111011111110111111111101110111101111011111101011011110
0000000000000000000000000000000000000000000000000000000000000000000000000000000000000000000000000000000000000000000000000000000000000000000000000000000000000000000000000000000000000000000000000000000000000000000000000000000000000000000000000000000000000000
0100000000000000000000000000000001110000000000000000000000000000000000000000000000000000000000000100000000000000000000000100000001000100010000010010000000101000001000000100000100000100100010000000010000000000010000000000100010010000000000000000000010000000
0000000000000000000000000000000000000000000000000000000000000000000000000000000000000000000000000000000000000000000000000000000000000000000000000000000000000000000000000000000000000000000000000000000000000000000000000000000000000000000000000000000000000000
0000000000000000000000000000000000000000000000000000000000000000000000000000000000000000000000000000000000000000000000000000000000000000000000000000000000000000000000000000000000000000000000000000000000000000000000000000000000000000000000000000000000000000
0110001000010010011001000000000001000000000000000000000000000000011111111111111101111111111111111111111111111111110011101111111000000000000000000000000000000000000000000000000000000000000000000000000000000000000000000000000000000000000000000000000000000000
0111110011111101110111111010111111101011111111111111111111111111011010110100101111111110100000100110010000000100000010100010100010000000010001010000000000000010001000100000010000010000100010001000010001000011001000100110010100001010111000110000100000000110
0110001111110111111111101111111111111111111111111111110011111110011111111101101101111111110110111101110011111111111111111101111111111111111011010111111111111111111011101111111111101011110111111110110111101100011111111101100100111000111001101011010110001110
0111111111110111111111101111111111111111111111111111111111111111110011111111101111111111101111111111111101111111111111111111101001011001111111101011100111111111111111111110110011101111111110111110111011010111111111110110111111001110000011111110111011010000
0000000000000000000000000000000000000000000000000000000000000000000000000000000000000000000000000000000000000000000000000000000000000000000000000000000000000000000000000000000000000000000000000000000000000000000000000000000000000000000000000000000000000000
0111110111001111101110110011101011011011001000101000010101111000011111100011011111111100111111110010011011000000000000000000000001111011011111100111111111011111111011110100111110111000001010100111010101000001001100110001101000011100001100000100001100001100
0001111111111011111111111101010111111111111111111111101111011111110111101111111011111111111011111111111111110111111111101100111001111111111111111111111111111110011111111111111111111111101011100011111111111111111011111111111001011111101111111111111111111110
0101111111101111111111110111111111111011111111111111111011111111111111111111111111111111111111111111111111111110111111111111111111111111111101111111111111111111101111111111110110111111111110111111111111011111111111111111111111111111111111111111111111011110
0000000000000000000000000000000000000000000000000000000000000000000000000000000000000000000000000000000000000000000000000000000000000000000000000000000000000000000000000000000000000000000000000000000000000000000000000000000000000000000000000000000000000000
0111111111111111111111111101111011111111111101011111111110111111010111111111111111101111111111111111111111111111111111111101101111111111011111111111111110110111111101111111101111111110101001101111111111010001111011111111111111111010101111011001111101110110
0110101111111100100110111010000000000000000000000000000000000000000000000000000000000000011100000100111111111110111101111111101001111111111111111111101100111111111110011101101111111111111111011111111111001111110101101111110111101011011110111110001111111100
0110111011111001101011111111011111011111111111111101111111111111111111101111111110101111111101110111101111011111011111101110101001111111111111110111111101000011101111111110111110111111111111110001011111010111100010110110101101010000101100110000110011000010
0111101110111111111101111111011111111101111111111111111111111111100111111111111111111111111101111111111111111011001101110111011111111101111111111111011111111111111111111011111111111111111110101101111111111101101111111100010111011111111101000000011111100010
0111111100101011101011100010001111011110010110101001010000111001001000000000000010000000000001000000000110110100001110000000000001101111011110111100110101111111110101111101111111111010101111100111000000000000001000000000000000000000000000000000000000000000
0111110100111111001000110111111101111110110011010000010100111010011111111111111111111111111111111111111111111111111111111111111001011011011100000111110110001110011111111111111111111111111111100111101111111111011111111111111111111111111101111111111111111110
0111111111111110111111111111111111111111011111111101111111111111110011111111111111111111111111111111110101111111111111111111111001111111111111111111111111111110010001100000000100000000000000000101000000000000000001000000000001000001000000000000100000000000
0101010011111111111011111111111111111111111111111111111111101110010011111000111001101111111011110101001110110101100010010110010001011111101111111001111111011011111111111110111101111100001100001101111110111011101111111001000110001100010110001111110111001110
0111111111011111111111111111111111111111111101111101011011101111111111111111111111110111011111111111011111110111110111111011101111111011111111111111111111111110111011111110111111110111111011111110100100101011111111011111110000100001000001000100000000010000
0101011010001100011011110010010001000000000000000000000000000000011111111111111111111111111111111111111111111111111111111111111001111011111010111111011111100010111101111111111111111111111010100110101111011111111101111011011111110011011101110011011110111000
0111111011110111011011111111111111111111111011011111111111011111111111111011011110111111111011101111101111111111111111011111111111111111111011111111111101111110111001011000000000000000000010000101001000100000000000010000101011111110101101011000100111011000
0111111111111111101111111111111111111111101101110111111111111110011111110111111101110111111100111111011111111111111111101111111001111111010101111110111111111111111111111011110111111111111111111101111101110111111111111111111101111111111011111111111111111110
0111111010011001110101111111001011111001111111110101111111110101101010000101111010000010010100101000010001000000001000001000000001000111101100110111011001111111111011111111111101101110111110001110111111111011100100000000101000100000010000001000000100000000
0111101111110001111101111111011111111110111111111111111111111111111111111111111110100111111111111111111011101101010111110111010001101111111111111110111101110001111111111111111010001111111111111111111111111110110101111111111110101101111011110010011111001110
0111111111101111101111111111111111111111111111111111111111111100011111111111111111111111111111111111111111111111101111111111111001001111111101111111111111101111111111111000111110101010100100000000001100100000110000001100100000000001000000100010001101000010
0111111111111111111111111111111100011111111111011111111111101111111111111111111111111111111111101111111101110111111111111111111001011111111111101111011111111111011111111101111100000000000000000101011111010111111011101111101001111111111111011111110111011010
0111111111111111011111011111101111111111101111111111111111111110111111111111111111111101111111111101101111011111001111111111111001101010010111100011111011111111110111111111101111011011011111100111111110111111111111111110111111111011010111111011111100000000
0101101100000000000000000110000000000000000000001111000010000001000000111001000000010100001000000000000000000000000000000010000000000000000000000000000001100010000000000000000000000000000100000000000000000000000000000000000000000000000000000000000000000000
0110111111101110010111111111111001111111011111100111111111110110011110101111111001110000000000000110000000000000010000000000000001111111111111100000000000000000011111111111111111111111111111100111111111111001111111111101010111001011110111111111001010000000
0111111110111111011100111010111110101111111111110011111111111111111111111010011111111111110111111111111110110111111101111111110111111011111000111111011111111001111101111000100100100000001000100000000011011001000000010011100000110010100000000010100000000000
0000000000000000000000000000000000000000000000000000000000000000000000000000000000000000000000000000000000000000000000000000000000000000000000000000000000000000000000000000000000000000000000000101011111101110111111000110110111111010011111111111111111111100
0110101111111111111111111111111111111111011011110011111110111111011011100011011111111111111111111111111111111111111111101111111111101111111111011111101111101111101010111011010000111111101000001001111000000101100110001000110101000111101100111100000011000000
0111111111111111111111111111111110110111111111111111011111111110110111111111111111111101110110111111111111110110111101111101110001111111111111111111111111111111111111111111111111111111111111111111111111111111111111111111111011111111111111111111111011111110
0111111111111010111111111111010111111011011110111111111111010111111101001111101111011101111011011111111111111100011011111111110111011110111111101110111001101100011100101100001011010000001011000011011100000010010001111000000100111001010000101000001000011000
0111110111111011010111111111110010111011010101011011111110110111011110001111101111111111000111110000110101110000000110101000000011010100000000000101111000000010010000001011001011011000000100100111111111111111111111111111111111111111111111101111111111111100
0111111111111111111111111111111111111001111111011111111111111111101111111111111111111111111111111011111111111111111111110101111111111111111111111111101011101111101111101111111111101101111110110101111101011111000010110101110111010001000000100000000000000000
0111111011100111111111111111111001111110110101111011111111111010011011111111110011000000000000000111111111111111110111110111011001111111111111111111111111011111111011111111111111111111111111100111111111111100111111111111111101111110111111111111111111011110
0111110111111111011111101111111111101111110111111111110101111111101111111101111111111111111111111111111111010101111001111111111111111111111110111110111011101111010101111011111111101111101011101111110001111111111110010111111110001100111011110111111111111110
0111111111111111111111111111111111110111111111111111110111111111111111111111101111110101110111111111101111111111110111111111111011111111100111111111101111110111111111111111111101101111101001111101111111000100000000000010100000000010000111110000000101001010
0111011111111111111111111111111111011110111011111111111111100111111011111111110111111101111101111111111011111111111101111111111111111111111111011111111111111111111111110111110111101110101100101100011101010010000000000000001100000000000000000001001100000100
0111111111111011111111111111110111110111100111111111111111011111111111101111111111101111100111110111111111111111111111011110111111111011111111010111111101111110111111111111111111111111111111110111111111111111111111111110110101111111111101111101111111011110
0100101000010000000000000000000001001100110000000000000000000000010000000000000000000000100000000100000000000000000000000000000000000000000000000000000000000000010000000100000000000000000000000100000000110110000000000000000001111001100010010100010000000000
0000000000000000000000000000000000000000000000000000000000000000000000000000000000000000000000000000000000000000000000000000000000000000000000000000000000000000000000000000000000000000000000000000000000000000000000000000000000000000000000000000000000000000
0111111111111111111111111111111111111111111111111111011111111111111111111111111111111111101111111110111110111011111101111111111001111011111111111111111111111111111111111111111101111111111111100111101111101111111110111111101110111111011111101010111111111110
0110111101111111101100110111101111111111111111111111111111111111011101101111011110101111111011111111111101111111110110111011011011011110010110101001011001001110110111110010001100111000101010000000001000000010010100111000100111000001101000100101000001000010
0111110000000000000001000000000001111111111111111111111101011110010111101110110111111111101111100111111111101111111011111111111001100000000000000000011100010101110010100010000000000000100000000000000000010000000000100000000000000000000000000000000000000000
0111101100111111111111111110111111011011011111111011111111111111111111111111111111111111101011111111111110111111111111111111111111101110110111101010011111111111101111110100111111111111111111011111111111111111110111111101110000010011110010110100101010110100
0000000000000000000000000000000001010000000000000000000000000000000000000000000000000000000000000110000000000000000000000000000000000000000000000000000000000000000000000000000000000000000000000000000000000000000000000000000000000000000000000000000000000000
0101010111101101111111111111111111111111111011111111111111111111111111111111111111111111111111111111111111111111111111111111110111111110111111111111111110111101111111110111111111111111010111111111111111111111101111111111111111111111110111101111111111111110
0101111111111111101101111101111111110111111111111110111111110110011111111111111111111101110111100000000000000000010000000100000001111111111011111111111111111111110011101111110111111111111101111111111111110111111111111011111111111110111111111110010101100110
0111111111110110111111111111110011111111111011111111111101110111101110111111111011011111101111111111111111111111101111111111111000111110011101111111111111111100101010111111111010111111101111111101110100111111011110110100001011101001010110011011111100111100
0111111101111011111110110111111111111111111011111111111111111100001101111111101010111110010011001111111111111111111111111111111111111011111111101111111111111111111111111111111111111011111111111111111111111111111111101110000011101000010100010000001101101000
0000000000000000000000000000000000000000000000000000000000000000000000000000000000000000000000000000000000000000000000000000000000000000000000000000000000000000000000000000000000000000000000000000000000000000000000000000000000000010100000000000000000000000
0000000000000000000000000000000000000000000000000000000000000000000000000000000000000000000000000000000000000000000000000000000000000000000000000000000000000000000000000000000000000000000000000000000000000000000000000000000000000000000000000000000000000000
0101111010111011111111111011011111111111111111111111101111111111011111011111010101111111011111100111111111101110111011111011010001111111110011111111111101111111111111111111111111111111111111111111111111111111111111110111111111111111111111111111111111111110
0111111111110110111011111101110111111111111111001000010100100011000000010100010010000000000000010000000000000000000000111010000001111111111111101111111111111110010111111111111111111111111111100110000110000000011010101100111001110000000000000111010100101110
0111111111111111111111011111111001111111111111111111111111111110011111111111111011111111111011111111101111111111011111111111110001101111111111111111111111111111111111111111111111111111111111000100000000000000000000000000000001111010000000010100110000000000
0101111111111111111111010111011001111111011111111111111111111100011111111111111111111111111101111111111101111111111111111111111001111111111111011111111111111111110111111110111111111111011111111111111111111110110111111111111111111111111110110111110111111110
0111011111111101111111111111111001111111101111111101111111111110011111111111111111100111111111100100000001100110010001000110010001111111010110111101101011110110111111011101111011101111011011111101111101111111111010101111111111010011111111111011001111111110
0100111111111111111011111111111001011100000001100000000000000000011011101111000000000000000000000101111111011111111111111111111001001000100000000000001100000010011000000100000001000000010000000111111111011111111111111111111001110101110001011101110011111110
0111111111011110111111011011111111111111111111100111111111111110011111111111111111111111111111111111111111110111111111111111111001111111111110111011111011111010111111111111111111111111111111100110110010000000010001000110100001000100011000000000011000000100
0100000000000000000000000011011001110000000010010100000000010000010100111000000000110000001000100000100001000001001011101000000001111011111001101111111101101011111111111111101111110010101011111111110111011111111101011111111111111111001111111111111011101100
0111111111111111101111111101111111111111111111111111011111111111111111111111110011111011111111111110111101101111111101111011011111110111111111111101111101111111111111111011101111111011111110111111111001011000000000000100000000000001000010000000000000000000
0111111111111111110101111111111111111101111111111111111100111110111101111111111111111111111110111111111111111111111111101111111001100010111001101011011110011111111011101101000111100000100010100100100100000001000001110001010001000100001100010001000000000100
0011111011111110111111110111111111110111111111111111111101110100011001000000000001100010101100000111111111011111111111111111111001101111100011111111111111011111110111101110001001000000001010000100001011111111111011011111001001100000000000000100000000100100
0110111111101111111111111111111111111111111111111111111111101111111111011110101111111111111111110110011111111111111111011111111111111111110111111101111111011111111101110110110001010110110010110000011101011011011011101010111010000110001000000000000001000000
0111101101000111111111011110011111011110111111111111111111111100011111111111111111010011111110001111111110111111111111111111100001101101011111111101011111011100111111111101111111111111010111111111111111101111111110101111111111111111111111111111101111111100
0111111111111111111111111111111111111111111111111111011110111011111111111111011101110111111011110111111111111111111111111111010001011100000110000000000000000000000000000000000000000000000000000110010000010001000000011001000000000000000000000000000000000000
0000000000000000000000000000000000000000000000000000000000000000000000000000000000000000000000000000000000000000000000000000000000000000000000000000000000000000000000000000000000000000000000000000000000000000000000000000000000000000000000000000000000000000
0000000000000000000000000000000000000000000000000000000000000000000000000000000000000000000000000000000000000000000000000000000000000000000000000000000000000000000000000000000000000000000000000000000000000000000000000000000000000000000000000000000000000000
0111111111111111111111111011111101111111111011111111011111111111111010111111111111111111111001111100111111111111111111111010111111110010110111011101010110100111010101000001100010110101000000000010000000000000000000000000000000000100000000000100000000000000
0110111111111111111111111100111110111111101011111101111110011111111011011011011111001110011111111111111111110111111110111001010101111010011101011101001000101110101110011001101101001101000110001110101010011111000100001111010001010110000001011000001110000000
0111111110011001101111111010110111111111101101111011010000110010011001100111011111111010111111011011111100101111110111001111101001111111111111111111111111110111111111111111111111111111011111100101011100111110101111111101101111101110111110011100111110000100
0111111101111111011111111101110111111011011111110100110111111111111111011101101011111111111111110101111111111110111111111101111111111111101111011111111111111111110111011111100110110110001110111100000100000100000010000000000000100010000001101100000000000000
0111111010110011111111011111011111111111101111111111111111111111111101111111111101111110111111111111111111101111111111111111111110111111101110111111111111111111111111111110111111111111110111110111111111111111110111111101011111101100111111111111111111101110
0111111101111100111111111001111101011111100101011111110111111011111110111111111111011111011110111111110011111101011111001110000001101101101111101111111101111110111111111111111111010111111001111111110111111111010011011111111111111101111111111111111010111110
0111111011111111101111111111111111011110111111111111101101111111100111111011101111111011001111111111011111111111111111011111110111111101111111111101111111111111101011110111111101011100111101011111111001110111100000000001011101000000000100010000000000000000
0000000000000000010000000000000001000010000010000000000000000000011101001100011010000000000000000110010010010000010000100000000001011110000110111000110110111001001111001111001010000000010110000111111111110111111111110100110111111101111111111111111101111110
0111111111111111011111111111111111111101111111111110111111010110011111011111111111111111111111111110111111111111111101111111111001101111111111110111111111110111111110111001111111111111111111011111101001111101111100101110101111111110010111111111000011010010
0110101111111111111111111111111111111110111111111111111011101110011111111111110111111111101111111111111111111111111111111111110001111111110111111011111111111111111101111101111111111110111111111011111111101111111111011110111101111110111111101111000111001010
0101000001001010000000000000000000100000000001000000001000000000010000000000010010000101111111101100101111000000100101110111000001111111111111111111111111111111111111111111111111111011111111100111111111110111110011111111111111111011100010111011111111100110
0100000110000110010100000000000001000001000000000000000000000000010000000000000000000000000000000110000110000100000000000000000000000000000000000000000000000000010000000000100001101000100001000100001000010010000000010000000000000000000000000000000000000000
0000000000000000000000000000000000000000000000000000000000000000000000000000000000000000000000000000000000000000000000000000000000000000000000000000000000000000000000000000000000000000000000000000000000000000000000000000000000000000000000000000000000000000
0101101101111111101111111111011110010111111111111110111101101111111111111011101100100010001010011000000110111111010011101111101001000000000000000111111001100000010001011011111011100001010000000001111111101000101111111100100000000100011000000111101000000110
0111111111111111111111111111111111111111111111111111111101100111111111111111101111111110110111001111111111111111111111111111111001111111111111111111101111110111011111111111011111111111111111100100000000000000010000000000000001000100000000000100000000000000
0111111111111111111111111111011111111111111111111111111111111111111011111111111111111111111111111111111111111111110111111101111111110111111011011111111111111111111111111111111101111111111110011111110111111111110111111111011011011101011110011111010001101100
0110111101011100011111100111110111110111011101011001011111111111011111110100111111001001111111011111001111001111110011101100010111010111110101011110111111110101010010110101110111111111111110101011111101010010111010111111111110011101010101110011011010010100
0000000000000000000000000000000000000000000000000000000000000000011101111110111111111111111111101101011111011101111111111111111001110010000010000000000000000000000000000000000000000000000000000100000000000000000000000000000001111010011011010100000000000000
0111111011111111111111111101111111111111111111111111111111111110011101110111111011111011111101101100100111111111111111111111010001100110011111111111111111111011111111111111111011011111111111100100111111111101111111111011111111111111111111101011111111101110
0110111111111111111101010101101111111111111110111111111111110111011011101001110111110000101111111111111111000110110111111111111001111011010011111100111110110111111110000101110011111110100110000111000000000000011000000000000001000000000000000110000000000000
0110000100100000000000000000000000000000000000000000000000000000011000000000000000000000000000000000000000000000000000000000000000000000000000000000000000000000000000000000000000000000000000000000000000000000000000000000000000000000000000000000000000000000
0111111111111111111010111111111111111111111011111111111111111110011111101111111101111000000000000111111111110111111111111110111001100010010000010111111100011110110000010100100010101100100010100100110100110100111010101111101101001011100001010100100000000010
0110000000111100010011100000000001000000000000000100000100010000010000001010010001001001000000000100000000000000000000000000000001010001011010011110010100000000000100001000000000000000000000000000000000000000000000000000000000000000000000000000000000000000
0111000000000100001010000000000001000010000100000110000010010010010001000000000001000000000000000110000100000000000000000000000001010100000000000000000000000000010000010001001001000000000000000101110100100010100000000001000001001100000001010110000010000000
0011111111111111111111111111111111111111111111111111111111111110011111111111111111111111110111100110111111011101111100001111111001010010000000000010000000000000000011000000000000000000000000000100100001100001000000000000000001110000000110000000000000000000
0011111111001100111110111111111110111111111011011011011011111110011100011111110100111110111110110001001110111000000000001001000001011111001111111110000010110010011111000001010000110110000000000100010000100010000000100001000000000000000000000000000000000000
0100100011100000010000100100110010000010001000010010111000000110000000101000000000100000000000000000000000000000000000000000000001000100000010000000000000000000011010000011001000011100001000000100000100010101000000000010000001000011010000011000000000000000
0100000000000001011000010100001001000100000000000000000000000000010000000000000000000000000001000110100000000000010000000000000001000011000100110100000000000000010000000000010000000001111000000110010000000000000000000000000000011111000110001111100100010100
0101010000001001001110000000000001000000000000000000000000000000010001000000000001000000010000000100001000000000010010010010000001000000000000000110000000000000010000000000000000001010000000000100000000000000000000000000000001001010000100000000000011000000
0111101101111011111110011111111111111111110111110111101111111111111001111111111111011111111111111111111100011010111011011111111111111101111011111111111111111111111011111111110111011101111100111111110011111111111001100110111001010010010001000000000000000000
0000000000000000000000000000000000000000000000000000000000000000000000000000000000000000000000000000000000000000000000000000000001011000000000000000000000000000010000000000000000000000000000000100000000110000000000000000000001000100000000000000000000000000
0100000000000000000000000000000000000000000000000100111100000000011001111001000000001111100111100110110111110000011000000000000001000000000000000001100000000000011101000001000010010000000000000101111000010001010010100000000001011100100011100000000000000000
0100000000000000010000000000000001001000000011111000110111100000010111111010111111010111111000111111111111110100111110001000011001111111110001011111001001111110011111111111111111111111111111000100000000000000011011100000010001000000010000000100000001100000
0100000000000000000000000000000000000000000000000000000000000000000000000000000000000000000000000000000000000000000000000000000000000000000000000000000000000000000000000000000000000000000000000000000000000000000000000000000000000000000000000000000000000000
0111011011001111001110000000000100000010001010010000000000000000100000000000000000000000000000000000000000000000000000000000000001111000000000000000000000101000010001100000001000001010000000010001100000000000000010000000110000101000000000000000000010000110
0000000000000000000000000000000000000000000000000000000000000000000000000000000000000000000000000000000000000000000000000000000000000000000000000000000000000000000000000000000000000000000000000000001111111000000000000000000000000000000000000000000111111110
0111111111111111111111111111101111110111011111111111111111111110011110101101111101111111111111111101111110110111111110111111111001111111111111111111111111111111111111111111111111111111111111100101111111111111111111101111111111111111111111111111111011011110
0111111110111111011111111010111111111111111101111110110111111111111110111111011101100111111001111111111110111111011111011110111011111111111111111111111111010101101100100110000110100000010001000100000000000000000010010011000101000001000000000000000000000000
0000000000000000000000000000000000000000000000000000000000000000000000000000000000000000000000000000000000000000000000000000000000000000000000000000000000000000000000000000000000000000000000000000000000000000000000000000000000000000000000000000000000000000
0101111111111111101110111111111111111111111111111111111111111110111111110011101101100111111111111111100111011111001011111110110111011001110101011100010101111011111110011111100111110011101111011101111110111000110100110111010111100000011110010100111110000110
0110111111110110011111011011111111111110100111110111111111101011110111111111110101111111101111011111111111101001111111111010100100100011011100010110001001011111100111010111011010111010100111010110011011111111000000000000000000010001000000000100000000010000
0111111110111111001111111111011101110111011111111011001011110111101111101110111111001011011101111111100111001001111000100100000001000011100000100111010000000000101000000000000000000000000000000000000000000000000000000000000000000000000000000000000000000000
1100000100000000000000000011010000000000000000000000000000000000000000000000000000000000000000000000000000000000000000000000000000000000000000000000000000000000000000000000000000000000000000000000000000000000000000000000000000000000000000000000000000000001
0000000000000000000000000000000000000000000000000000000000000000000000000000000000000000000000000000000000000000000000000000000000000000000000000000000000000000000000000000000000000000000000000000000000000000000000000000000000000000000000000000000000000000
0111110110110110010101110110111111110001110111011111111101010110111001111000011000101000010110101110011000101000101101010110000001111111111111111111110111111110011011110110001011110111111111000111111011111011111111111111111110111011110111111111011111111100
0111111111111111111101110110110111111111001111111111110101111111011111111011111101111011111011111111111011011111111101110111111101111111011111111110101011101011111101111111011111110001111110111100010110111110110111110110100000100100000000000000000000000000
0111111111111111110101111101111111011011011111110110111011111111010011101111111111111111111111111011111011111111111100111101111111110111111011111011111101101111111001111110101111111101111011110111000111001100000011001110111010010010001000000000001000010000
0101110110111001111111101000110111010011111010111000001011000010101011100100000000000000010000000000000000000000000000000000000100010000000000100000000000000000000000000000000000000000000000000000010000000000000000000000000000000000000000000000000000000000
0111111011111111111101011111111111111111111111111111010111111111111101110111101011110110111111111111111111110111100111111100011101011001111111111110101101111110011110110111111111111111110000111011111110010101101101010111110011001000011000010111100001110000
0111011101111111111111111111111111111111111011100111111111111111011111111111111111111111111111111011111111111011111111111111110111111111111101110110101111111111111101111111101110111111110001110111101000011101100110000000000000000000000000000000010000000000
0100000000000000000010000000000000000000000000000001000000000000000000000000000000000000000000100000000000000000000000000000000000000000000000000000000000000000000000000000000000000000000000000000000000000000000000000000000000000000000000000000000000000001
0100000000000000000000000000000000000000000000000000000000000000000000000000000000000000000000000000000000000000000000000000000000000000000000000000000000000000000000000000000000000000000000000000000000000000000000000000000000000000000000000000000000000000
0000000000000000000000000000000100000000000000000001000000000000011000000111111000010000000000000000000000000000000000011001111001111101111111111111111111111101100000111111111111101111111110000110000000000000000000000000000000000000000000000000000000000000
0000000000000000000000000000000000000000000000000000000000000000000000000000000000000000000000000000000000000000000000000000000000000000000000000000000000000000000000000000000000000000000000000000000000000000000000000000000000000000000000000000000000000000
0101011111111111111111111111111111111111101111111111111111111111111110111111111111011111111111111111011111111111111111111111111111111111111111111111111111110111011111111111111111111111111111111111111110110111011110101110111111101111111010111111111111111010
0000000000000000000000000000000000000000000000000000000000000000000000000000000000000000000000000000000000000000000000000000000000000000000000000000000000000000000000000000000000000000000000000000000000000000000000000000000000000000000000000000000000000000
0111011111011111111110111101111111111011111111011111111111101000110111010011011111101111111111100010001000001000000000001000001001101111111011011101111111111111011111011111111101111111010111011111110111111111111110111111101110000000000001000000000000000000
0000000000000000000000000000000000000000000000000000000000000000011000000000000001000000000000000101100000000000000000000000000001111111111111011011111101101111111011111111111111111111110011111111111111010111111101000111111101111001111111110010111101110010
0101111111110110111011011111111111111111011111111101111100111111101111111111111101111111110110101110011111111111011110111011101011101111111111110111111101110100111011111011000110001111110100111111111111110110111101011010111101010110110000000000010000000010
0111111111111111111111111111111111111111111111111111111111110111111111111111111111111111101111111111111111111111111111101111111001111111101110110111111111111110010000000000000001000000010001100111001111111001111111111111111111111111111111111111111111111110
0111101111111111011111111111011111110101100011111011001111011110010101011111111001111101101100101011101101101001100000010100110110101010011110110000100110100011100101011110101001111011000010000110010111100000001000110010000100000100000000100010110100000000
0000000000000000000000000000000000000000000000000000000000000000000000000000000000000000000000000000000000000000000000000000000000000000000000000000000000000000000000000000000000000000000000000000000000000000000000000000000000000000000000000000000000000000
0110110000111001111111011101110111001010100001101011100011101010110110010110110000101010010000000110101101000110000000000001000001111111011111110111011110111111111111011111111111111111111110111110110101101111000111101101011011101111100100000000010000100000
0000000000000000000000000000000000000000000000000000000000000000000000000000000000000000000000000000000000000000000000000000000000000000000000000000000000000000000000000000000000000000000000000000000000000000000000000000000000000000000000000000000000000000
0111011111111011111111111111111111110111111111111111111111111111111111111101111101111111111111111111111101111111111110111001111001111111111010111111011011110010110001011111110111110101111111101011011010111111111011010110110000110011000100110000110100000010
0000000000000000000000000000000000000000000000000000000000000000000000000000000000000000000000000000000000000000000000000000000000000000000000000000000000000000000000000000000000000000000000000000000000000000000000000000000000000000000000000000000000000000
0111111010111110101111111111110111100111111101110111111111111111111111111011111111111111111111111011111111110011111111111111110111111011101101001111111011110111100101110110110101111011011011111010111110010111100101100011000100000000100001110010010010010100
0101000000100110011001111111111001001010100010010011100000000000000000000000000001000000000000000000000000000000010000000000000001000000000000000000000000000000010000001010000010001010000000000000000000000000000000000000000001000000000111000100001000001010
0000000000001110011111100110000001001100100100000101100001000000011111111111111111111111110111111110111111111111111111111011111001111000000010000110011001100000010001000000000001110000010001100100011001100000000000000100000001000000010001000111111111111110
0000000000000000000000000000000000000000000000000000000000000000000000000000000000000000000000000000000000000000000000000000000000000000000000000000000000000000000000000000000000000000000000000000000000000000000000000000000000000000000000000000000000000000
