0000000000000000000000000000000000000000000000000000000000000000000000000000000000000000000000000000000000000000000000000000000000000000000000000000000000000000000000000000000000000000000000000000000000000000000000000000000000000000000000000000000000000000
0100010000000010000000000000000000000000010100000000100100000000100000000001000000000000010000000000000000000000000000000100000000000000000000000000000000000000000000000000000000000000000000000000000000000000000000000000000000000000000000000000000000000000
0000000000010000100000010000000000000000000001000000100000000000000000000000000000000000000000001000000000010000000100000000000100000000100000001000000010000000000000000000000000000000000000000000000000000000000000000000000000000000000000000000000000000000
0000000000000000000110001000000000000000000000001100000000000000000000000000000000000000000000000000100000000000000000000000100100000100000000000000000000000000000000000000000000000000000000000000000000000000000000000000000000000000000000000000000000000000
0010000000000000000000010010000000000000000000000000000000100000000100000000001100000000000001000000100000001000011000000000100000000000010000000000000010100001000100000000001000000000000010000000000000000000000000000000000000000000000000000000000000000000
0000000000000000000000000000000000010000000000000000000010000010000000001000001000000100000000000001001000000000000000010000000000001000000000100000000000000000000000000000000000000000000000000000000000000000000000000000000000000000000000000000000000000000
0000000001000000010000000000100001000001000000000000000000000000100000000000000110000000000001100100000010000000000000100000000000000000000000000000000000000000100001010000101000100011111100000100000000000000000000001000000000000000000000000000000100000000
0100000000000000000001000000000101001000000001000000000000000000000000100010001000000000100000000000010100000000000000100000001000000000000000000000000000000000000000000000000000000000000000000000000000000000000000000000000000000000000000000000000000000000
0010000000001000000100000000000000000000000000100000000000000001000000000000000000000000000000000000000000000000000000000000000000000000000000000000000000000000000000000000000000000001000000000000000100000000000000000000000000000000000000010000000000000000
0000000000000000000100000000000000000000001001000000000000000000000000110000100000000000010000000000000100000000000000001000001000100100000000000000000000000000000000001000000000000000000000000000000000000000110000000000000000000000000000000000000000000000
0000000000000001000000001010000000000100000001000000000000010000000000000000000000000000000000000000010000010010000010000000000000000000000000000000000000000000000000000000000000000000000000000000000000000000000000000000000000000000000000000000000000000000
0000000000000000000000100000000100000000000000000000000000000100000000000001000000000001000000000000001000000101100000000000000101001000010000000000010000010001000010000000000000000000000000000000000000100001000000000000010000000000000000000000000000000000
0000000000000000000000000000000001010000010000000001000000000000000000000000010000000000000000000000000000000001010000000000000000000000000000000000000000000000000000000000000000000000000000000000000000000000000000000000000000000000000000000000000000000000
0000000000110000001100010001000000000100000000000010000000000000000000000001000000100000000010000000010000000000000010000000000000000000000000000000000000000000000000000000000000000000000000000000000000000000000000000000000000000000000000000000000000000000
0000000000100000000000000000000000000000000000000010000000000000010000000000010001000010000000000001000000000000000000000000000000010100000000000000100100000000000000000010011000010000000000000010000000001000000000100000000000100100010010000000000000000000
0000110000000000000000010000100010000010000000001000000000000001000000000010000000000000101000000000000000000000000000000000000000000000000000001000000000000000000000000000000000000000000000000000000000000000000000000000000000000000000000000000000000000000
0000000000000000000000000000000000000000001000000001000000000000000000000000000000010000000000000000000000000000000101000000000000000000000000000000000000000000000000000000000000000000000000000000001010010100000000000000000000000000000000000000000000000000
0000000000000000000000001011000000100000000000000000000000000000000000000000000000001000000000000000000000000000000000000000000000000000001000000000001000000000000000000000000000000000000000000001000000000000000000010000000000000110000000000000000001000000
0000000000000000000000000000001000000000000000000000000000000000000000000000000000000000000000000000000000010000000000000000000000000000100000010000000000000001000000000000000000000000001000000000000000000000000000000000000000000000000010000000000000000000
0000000000000000000000000000000000000000000000000000000000000000000000000000000000000000000000000000000000000000000000000000000000000000000000000000000000000000000000001000000000010000000000000000000000000000000000000000000000000000010000000000001000010000
0000000000000000000010000000000000010000000000000000000000000000000000000100000000000000000000000000011000000000000001000000000000000000000000000000000000000100000000000100000000000000000000000000000000000000000000000000000000000000000000000000000000000000
0000000000000000000000000000000000010001000000000000000000000000000000000000000000000000000000000000000000000000000000000000000000000000000000000000000000000000000000000000000000000000000000000000000000000000000000000000000000000000000000000000000000000000
0000100000100000000000000000100000000000000000000000000000001000101000001000000000000000010000000000000000000000000100000000000000000100000000000000100000000000000100000000000001000000000100000000000000000000000100000000010000000100000000000000000100000000
0000000000000000000100100000000000000000000000000000000000000000000000001001000010000000000000000000000000100001000000010010000000000000000000000000000000000000000100000000000000000000000000000000000000000000000000000000000000000000000000000000000000000000
0001000000000000000010000000000000000000000000100000000000000000000000000000000000000010000000000000000000000000000000010010000000000000000100000000000000000000000000000000000000000000000000000010000000000000000000000000000000000010000000010000000000000000
0000000000000001000001000110000000000000000010000000000000000100000001000001000000000000100000000000000000000000000000000000000000000000000000000000000000000000000000000000000000000000000000000000000000000000000000000000000000000000000000000000000000000000
0000000001001000100000010000000000001000001000000000001000000000000000000000100000000000000000000001000000000001000000000000000000000000000000000000000000000000000000000000000000000000000000000000000000000000000000000000000000000000000000000010000000000000
0000000000011000000000000000000101100000000000000000000100000000100001000000100000000000000000000000001001000000000000000000000000000000000000000000000000000000000000000000000000000000000000000000000000000000000000000000000000000000000000000000000000000000
0000000000000001001000000001000000000000000000000000000000100000000000000000000001000000001000000000000000000010000000000000000000000010000001000001100000000000000000010010100000000100100000000000000000000000000000000000000000000000000000000000000000000000
0000000000010001000000000000001000000010011000000000000000000000000000000000000000000000010000000000000000000000100000000010000000000000000000000000000000000000000000000000000000000000000000000000000000000000000000000000000000000000000000000000000000000000
0000000000000000000000000000001000000000000000000000000000000000000000000000100000000000000010000000001000000000000001000000000000000000000000000000000000000000000000000000000000000000000000000000000000000000000000000000000000000000000000000000000000000000
0000000000000000001011100000000000000000000000000000000000000000000000000000000000000000000000000000000000000000000000000000000000000000000011100000000000000000000000000000000000000000000000000000000000000000000000000000000000000000000000000000000000000000
0000000000000000000000000000000000000000000000000000000000000000000000000000000000000000000000000000000000000000000000000000000000000000000000000000000000000000000000000000000000000000000000000000000000000000000000000000000000000000000000000000000000000000
0000000000000000000000000000000000000000000000000000000000000000000000000000000000000000000000000000000000000000000000000000000000000000000000000000000000000000000000000000000000000000000000000000000000000000000000000000000000000000000000000000000000000000
0000000000000000000000000000000000000000000000000000000000000000000000000000000000000000000000000000000000000000000000000000000000000000000000000000000000000000000000000000000000000000000000000000000000000000000000000000000000000000000000000000000000000000
0000000000000000000000000000000000000000000000000000000000000000000000000000000000000000000000000000000000000000000000000000000000000000000000000000000000000000000000000000000000000000000000000000000000000000000000000000000000000000000000000000000000000000
0000000000000000000000000000000000000000000000000000000000000000000000000000000000000000000000000000000000000000000000000000000000000000000000000000000000000000000000000000000000000000000000000000000000000000000000000000000000000000000000000000000000000000
0000000000000000000000000000000000000000000000000000000000000000000000000000000000000000000000000000000000000000000000000000000000000000000000000000000000000000000000000000000000000000000000000000000000000000000000000000000000000000000000000000000000000000
0000000000000000000000000000000000000000000000000000000000000000000000000000000000000000000000000000000000000000000000000000000000000000000000000000000000000000000000000000000000000000000000000000000000000000000000000000000000000000000000000000000000000000
0000000000000000000000000000000000000000000000000000000000000000000000000000000000000000000000000000000000000000000000000000000000000000000000000000000000000000000000000000000000000000000000000000000000000000000000000000000000000000000000000000000000000000
0000000000000000000000000000000000000000000000000000000000000000000000000000000000000000000000000000000000000000000000000000000000000000000000000000000000000000000000000000000000000000000000000000000000000000000000000000000000000000000000000000000000000000
0000000000000000000000000000000000000000000000000000000000000000000000000000000000000000000000000000000000000000000000000000000000000000000000000000000000000000000000000000000000000000000000000000000000000000000000000000000000000000000000000000000000000000
0000000000000000000000000000000000000000000000000000000000000000000000000000000000000000000000000000000000000000000000000000000000000000000000000000000000000000000000000000000000000000000000000000000000000000000000000000000000000000000000000000000000000000
0000000000000000000000000000000000000000000000000000000000000000000000000000000000000000000000000000000000000000000000000000000000000000000000000000000000000000000000000000000000000000000000000000000000000000000000000000000000000000000000000000000000000000
0000000000000000000000000000000000000000000000000000000000000000000000000000000000000000000000000000000000000000000000000000000000000000000000000000000000000000000000000000000000000000000000000000000000000000000000000000000000000000000000000000000000000000
0000000000000000000000000000000000000000000000000000000000000000000000000000000000000000000000000000000000000000000000000000000000000000000000000000000000000000000000000000000000000000000000000000000000000000000000000000000000000000000000000000000000000000
0000000000000000000000000000000000000000000000000000000000000000000000000000000000000000000000000000000000000000000000000000000000000000000000000000000000000000000000000000000000000000000000000000000000000000000000000000000000000000000000000000000000000000
0000000000000000000000000000000000000000000000000000000000000000000000000000000000000000000000000000000000000000000000000000000000000000000000000000000000000000000000000000000000000000000000000000000000000000000000000000000000000000000000000000000000000000
0000000000000000000000000000000000000000000000000000000000000000000000000000000000000000000000000000000000000000000000000000000000000000000000000000000000000000000000000000000000000000000000000000000000000000000000000000000000000000000000000000000000000000
0000000000000000000000000000000000000000000000000000000000000000000000000000000000000000000000000000000000000000000000000000000000000000000000000000000000000000000000000000000000000000000000000000000000000000000000000000000000000000000000000000000000000000
0000000000000000000000000000000000000000000000000000000000000000000000000000000000000000000000000000000000000000000000000000000000000000000000000000000000000000000000000000000000000000000000000000000000000000000000000000000000000000000000000000000000000000
0000000000000000000000000000000000000000000000000000000000000000000000000000000000000000000000000000000000000000000000000000000000000000000000000000000000000000000000000000000000000000000000000000000000000000000000000000000000000000000000000000000000000000
0000000000000000000000000000000000000000000000000000000000000000000000000000000000000000000000000000000000000000000000000000000000000000000000000000000000000000000000000000000000000000000000000000000000000000000000000000000000000000000000000000000000000000
0000000000000000000000000000000000000000000000000000000000000000000000000000000000000000000000000000000000000000000000000000000000000000000000000000000000000000000000000000000000000000000000000000000000000000000000000000000000000000000000000000000000000000
0000000000000000000000000000000000000000000000000000000000000000000000000000000000000000000000000000000000000000000000000000000000000000000000000000000000000000000000000000000000000000000000000000000000000000000000000000000000000000000000000000000000000000
0000000000000000000000000000000000000000000000000000000000000000000000000000000000000000000000000000000000000000000000000000000000000000000000000000000000000000000000000000000000000000000000000000000000000000000000000000000000000000000000000000000000000000
0000000000000000000000000000000000000000000000000000000000000000000000000000000000000000000000000000000000000000000000000000000000000000000000000000000000000000000000000000000000000000000000000000000000000000000000000000000000000000000000000000000000000000
0000000000000000000000000000000000000000000000000000000000000000000000000000000000000000000000000000000000000000000000000000000000000000000000000000000000000000000000000000000000000000000000000000000000000000000000000000000000000000000000000000000000000000
0000000000000000000000000000000000000000000000000000000000000000000000000000000000000000000000000000000000000000000000000000000000000000000000000000000000000000000000000000000000000000000000000000000000000000000000000000000000000000000000000000000000000000
0000000000000000000000000000000000000000000000000000000000000000000000000000000000000000000000000000000000000000000000000000000000000000000000000000000000000000000000000000000000000000000000000000000000000000000000000000000000000000000000000000000000000000
0000000000000000000000000000000000000000000000000000000000000000000000000000000000000000000000000000000000000000000000000000000000000000000000000000000000000000000000000000000000000000000000000000000000000000000000000000000000000000000000000000000000000000
0000000000000000000000000000000000000000000000000000000000000000000000000000000000000000000000000000000000000000000000000000000000000000000000000000000000000000000000000000000000000000000000000000000000000000000000000000000000000000000000000000000000000000
0000000000000000000000000000000000000000000000000000000000000000000000000000000000000000000000000000000000000000000000000000000000000000000000000000000000000000000000000000000000000000000000000000000000000000000000000000000000000000000000000000000000000000
0000000000000000000000000000000000000000000000000000000000000000000000000000000000000000000000000000000000000000000000000000000000000000000000000000000000000000000000000000000000000000000000000000000000000000000000000000000000000000000000000000000000000000
0000000001000000011000000000000000000000000000000000000000000000011000000000000000000000000000000000000000111110000000000000000000000000000000000100000000000000000000000000000000000000000000000111100000000000000000000000000000000100010001100000000000000000
0000000000000000000000000000000000000000000000000000000000000000011000000000000000000000000000000000010000000000000000000000000001000000000000000000000001000000000000000000000000000000000000000000000000000000010000000000000000000000000000000000000001100100
0110000001000000000000000000000001000000000000000000000000000000000000000000000001111010100000000000000000000000011110100100000000000000000000000000000000000000000000000000000000000000000000000100000000000000000000000000000000000000000000000000010001100100
0110000001000000010000000000010001000000000000000100000001100000010001000100000000000000000000000110010001000100000000000100000001000110010000000100000000000000010000000100000001100000000000000111011001000000010000000100000001000000011010000100000001000000
0111111001100000010000000111111001011000011001000100000000000000010001100111111001100000000000000000000000000000000000000000000000000000000000000000011000000000011101100000000001000000010000000100000000000000010000000000000001000010000000000000000000000000
0000000000000000000000000000000000000000000000000000000000000000000000000000000000000000000000000000000000000000000000000000000000000000000000000000000000000000000000000000000000000000000000000000000000000000000000000000000000000000000000000000000000000000
0100000011000000001001100100000000111111111110000000000000000000000001100000000000000000000000000000000000000000000000000000000001100100000000000000000000000000011000000100000001000000000000000000010000100000000000010010001001111110001000000000000000000000
0000000000000000000000000000000000000000000000000100000000000000010000000000000000000000000000000110010001100110011000000000000001100000000000000000000000000000000000000000000001000000000000000000000000000000000000000000000001111111111111111111111111111110
0000010001110000000000000000000001000000000000000000000001111100011000000111000000000000000000000111111001000000000000000110000001100000000001100100010000000000010000000000000001000000000000000111111000000000011101100000010000000000000000000000000000000000
0100000000000000010011100000000001000110010000000100000000000000010000000000000000000000000000000100000000000000000000000000001001000000000000000000000000000000000000000000000000000000000000000000000000000000000000000000000000000000000000000000000000000000
0000000000000000000000000000000000000000010000000111111000000000010000000000000000000000000000000111101001111110010000000000000001101000011111100100000000000000010000000000000000000000000000000100000000000000000000000100000001000000011110100111000001000000
0100000000000000011011000000000001000000000000000000011000000000000001100110000001110000010000000111100011110110010001100100000001000000000000000110011000000000000000000000000000000000000000000000000000000000000000000000000000000000000000000000000000000000
0000000000000000000000000000000000000000000000000000000000000000010000000000000001000000010000000100000000000100000000000000000000000000000000000100000001000000010000000000000001110110111111100110111111011110010000000100000000000000000000000100000000000000
0100001110000000011100100000000001100100010000000000000001000000011111000111111001111010000000000100000001000000010000000100000001000000000000000110000001010000000000000100000001000000000000000110000001000000000000000100000000000100011111000110010001000000
0000000000000000000000000000000000000000000000000000000000000000000000000000000000000000000000000000000000000000000000000000000000000000000000000000000000000000000000000000000000000000000000000000000000000000000000000000000000000000000000000000000000000000
0000000000000000000000000000000000000000000000000000000000000000000000000000000000000000000000000000000000000000000000000000000000000000000000000000000000000000000000000000000000000000000000000000000000000000000000000000000000000000000000000000000000000000
0000011111001110011111110111111000000000000000000000000000000000000000000000000000000000000000000000000000000000000000000000000000000000000000000000000000000000010000000000000000000000000000000000000000000000000000000000000000000000000000000000000000000000
0010000000000000000000000000000000000000000000000000000000000000000000000000000000000000000000000000000000000000000000000000000000000000000000000000000000000000000000000000000000000000000000000000000000000000000000000000000000000000000000000000000000000000
0000000000000000000000000000000000000000000000000000000000000000010000000000000000000000000000000000000000000000000000000000000000000000000000000000000000000000000000000000000000000000000000000000000000000000000000000000000000000000000000000000000000000000
0000000000000000000000000000000000000000000000000000000000000000000000000000000000000000000000000000000000000000000000000000000000000000000000000000000000000000010100000000000000000000000000000000000000000000000000000000000000000000000000000000000000000000
0000000000000000000000000000000000000000000000000000000000000000000000000000000000000000000000000000000000000000000000000000000000000000000000000000000000000000000000000000000000000000000000000000000000000000000000000000000000000000000000000000000000000000
0000000000000000000000000000000000000000000000000000000000000000000000000000011000000000000000000000000000000000000000000000000000000110011000000000000000000000000000000000000000000000000000000000000000000000000000000000000000000000000000000000000000000000
0000000000000000000000000000000000000000000000000000000000000000000000000000000000000000000000000000000000000000000000000000000000000000000000000000000000000000000000000000000000000000000000000000000000000000000000000000000000000000000000000000000000000000
0110111111111111100011111111111110011110011011111111000011000011111111111111111111011111001001111111111111111000001011111111110000001010111000110111110111101000001111111111111111111111110000000110110000000000000000000000000000111011011111110110000000111010
0000000000000000000000000000000000000000000000000000000000000000000000000000000000000000000000000000000000000000000000000000000001000000000000000100000001000000000000000000000001101000000001000000000000000000000000000000000000000110010000000000000000000000
0000000000000000000000000000000000000000000000000100000000000000000000000000000000000000000000000000000000000000000000000000000000000000000000000100000000000000000000000000000000000000000000000000000000000000000000000000000000000000000000000000000000000000
0000000000000000000000000000000000000000000000000000000000000000000000000000000000000000000000000000000000000000000000000000000000000000000000000000000000000000000000000000000000000000000000000000000000000000000000000000000000000000000000000000000000000000
0000000000000000000000000000000000000000000000000000000000000000000000000000000000000000000000000000000000000000000000000000000000000000000000000000000000000000000000000000000000000000000000000000000000000000000000000000000000000000000000000000000000000000
0000000000000000000000000000000000000000000000000000000000000000000000000000000000000000000000000000000000000000000000000000000000000000000000000000000000000000000000000000000000000000000000000000000000000000000000000000000000000000000000000000000000000000
0000000000000000000000000000000000000000000000000000000000000000000000000100000000000000000000000000000000000000000000000000000000000000000000000000000000000000000000000000000000000000000000000000000000000000000000000000000000000000000000000000000000000000
0000000000000000000000000000000000000000000000000000000000000000000000000000000000000000000000000000000000000000000000000000000000000000000000000000000000000000000000000000000000000000000000000000000000000000000000000000000000000000000000000000000000000000
0000000000000000000000000000000000000000000000000000000001100000000001100000000000000000011001100000000000000000000000000100000001111100000000000100000000000000000000000000000000000000000001000000000000000000000000000000000001000000000001000111000001000000
0000000000000000000000000000000000000000000000000000000011010000000000000000000000000000000000000000000000000000000000000000000000000000000000000000000000000000000000000000000000000000000000000000000000000000000000001101000000000000000000000000000000000000
0000000000000000000000000000000000000000000000000000000000000000000000000000000000000000000000000000000000000000000000000000000000000000000000000000000000000000000000000000000000000000000000000000000000000000000000000000000000000000000000000000000000000000
0000000000000000000000000000000000000000000000000000000000000000010000000000000000000000000000000000000000000000000000000000000000000000000000000000000000000000000000000000000000000000000000000000000000000000000000000000000000000000000000000000000000000000
0000000000000000000000000000000000000000000000000000000000000000000000000000000000000000000000000000000000000000000000000000000000000000000000000000000000000000000000000000000000000000000000000000000000000000000000000000000000000000000000000000000000000000
0000000000000000000000000000000000000000000000000000000000000000000000000000000000000000000000000000000000000000000000000000000000000000000000000000000000000000000000000000000000000000000000000000000000000000000000000000000000000000000000000000000000000000
0000000000000000000000000000000000000000000000000000000000000000000000000000000000000000000000000000000000000000011111100000000100000000000000000000000000000000000000000000000000000000000000000000000000000000000000000000000000000000000000000000000000000000
0000000000000000000000000000000000000000000000000000000000000000000000000000000000000000000000000000000000000000000000000000000000000000000000000000000000000000000000000000000000000000000000000000000000000000000000000000000000000000000000000000000000000000
0000000000000000000000000000000000000000000000000000000000000000000000000000000000000000000000000000000000000000000000000000000000000000000000000000000000000000000000000000000000000000000000000000000000000000000000000000000000000000000000000000000000000000
0000000000000000000000000000000000000000000000000000000000000000000000000000000000000000000000000000000000000000000000000000000000000000000000000000000000000000000000000000000000000000000000000000000000000000000000000000000000000000000000000000000000000000
0000000000000000000000000000000000000000000000000000000000000000000000000000000000000000000000000000000000000000000000000000000000000000000000000000000000000000000000000000000000000000000000000000000000000000000000000000000000000000000000000000000000000000
0000000000000000000000000000000000000000000000000000000000000000000000000000000000000000000000000000000000000000000000000000000000000000000000000000000000000000000000000000000000000000000000000000000000000000000000000000000000000000000000000000000000000000
0000000000000000000000000000000000000000000000000000000000000000000000000000000000000000000000000000000000000000000000000000000000000000000000000000000000000000000000000000000000000000000000000000000000000000000000000000000000000000000000000000000000000000
0000000000000000000000000000000000000000000000000000000000000000000000000000000000000000000000000000000000000000000000000000000000000000000000000000000000000000000000000000000011000001110000010000000000000000000000000000000000000000000000000000000000000000
0000000000000000000000000000000000000000000000000000000000000000000000000000000000000000000000000000000000000000000000000000000000000000000000000000000000000000000000000000000000000000000000000000000000000000000000000000000000000000000000000000000000000000
0000000000000000000000001110000100000000000000000000000000000000000000000000000000000000000000000000000000000000000000000000000000000000000000000000000000000000000000000000000000000000000000000000000000000000000000000000000000000000000000000000000000000000
0000000000000000000000000000000000000000000000001100000111000001000000000000000000000000000000000000000000000000000000000000000000000000111111110000000000000000000000000000000000001101000000000000000001111100000000000000000000000000000000001100000100000000
0000000000000000000000000000000000000000000000000000000000000000000000000000000000000000000000000000000000000000000000000000000000000000000000000000000000000000000000000000000000000000000000000000000000000000000000000000000000000000000000000000000000000000
0000000000000000000000000000000000000000000000000000000000000000000000000000000000000000000000000000000000000000000000000000000000000000000000000000000000000000000000000000000000000000000000000110000010000001000000000000000000000000000000000000000000000000
0000000000000000000000000000000000000000000000000000000000000000000000000000000000000000000000000000000000000000000000000000000000000000000000000000000000000000000000000000000000000000000000000000000000000000000000000000000000000000000000000000000000000000
0000000000000000000000000000000000000000000000000000000000000000000000000000000000000000000000000000000000000000000000000000000000000000000000000000000000000000000000000000000000000000000000000000000000000000000000000000000000000000000000000000000000000000
0000000000000000110000010000000000000000000000000000000000000000110000010000000011000001110000010000000000000000000000000000000000000000000000000000000011000001000000000000000000000000010000010000000000000000110000010000000000000000000000000000000000000000
0000000000000000000000000000000000000000000000000000000000000000000000000000000000000000000000000000000000000000000000000000000000000000000000000000000000000000000000000000000000000000000000000000000000000000000000000000000000000000000000000000000000000000
0000000000000000000000000000000000000000000000000000000000000000000000000000000000000000000000000000000000000000000000000000000000000000000000000000000000000000000000000000000000000000000000000000000000000000000000000000000000000000000000000000000000000000
0000000000000000000000000000000000000000000000000000000000000000000000000000000000000000000000000000000000000000000011010000000000000000000011010000000000000000000000000000000000000000000000000000000000000000000000000000000000000000000000000000000000000000
0000000000000000000000000000000000000000000000000000000000000000000000000000000000000000000000000000000000000000000000000000000000000000000000000000000000000000000000000000000000000000000000000000000000000000000000000000000000000000000000000000000000000000
0100000000000000000000000000000000000000000000000000000000000000000000000000000000000000000000000000000000000000000000000000000000000000000000000000000000000000000000000000000000000000000000000000000000000000000000000000000000000000000000000000000000000000
0111010000000000000000001000000101000001000000000000000000000000000000000000010000000000001110011000001001000000000000001001011000000000000010000000000000000000001000001000000000100000000000000000000000100010000000000000000000000000000000000000000000000110
0000000000000000000000000000000000000000000000000000000000000000000000000000000000000000000000000000000000000000000000000000000000000000000000000000000000000000000000000000000000000000000000000000000000000000000000000000000000000000000000000000000000000000
0000000000000000000000000000000000000000000000000000000000000000000000000000000000000000000000000000000000000000000000000000000000000000000000000000000000000000000000000000000000000000000000000000000000000000000000000000000000000000000000000000000000000000
0000000000000000000000000000000000000000000000000000000000000000000000000000000000000000000000000000000000000000000000000000000000000000000000000000000000000000000000000000000000000000000000000000000000000000000000000000000000000000000000000000000000000000
0000000000000000000000000000000000000000000000000000000000000000000000000000000000000000000000000000000000000000000000000000000000000000000000000000000000000000000000000000000000000000000000000000000000000000000000000000000000000000000000000000000000000000
0000000000000000000000000000000000000000000000000000000000000000000000000000000000000000000000000000000000000000000000000000000000000000000000000000000000000000000000000000000000000000000000000000000000000000000000000000000000000000000000000000000000000000
0010111111010111001000000001000001001000110010000000000000000000000000000000000000000000000000000000000000000000000000000000000000110000000000000000000000000000000000000000000000000000000000000111100000000000000010000000000000000000000000000100000011100000
0000000000000000000000000111111000001001100000000000000000000000001100100000000001001110000000000000000001000000010000000000000000000000000000000000000000000000000000000000000000000000000000000000000000000000000000000000000000000000000000000000000000000000
0000000000000000000000000000000000000000000000000000000000000000000000000000000000000000000000000000000000000000000000000000000000000000000000000000000000000000000000000000000000000000000000000000000000000000000000000000000000000000000000000000000000000000
0000000000000000000000000000000000000000000000000000000000000000011100000001100000000000001100000000000000000000000000000000000000000000000000000000000000000000000000000000000000000000000000000000000000000000000000000000000000000000000000000000000000000000
0000111001100000000000000100000000000000010000000100000001111010000000000000000000000000000000000000000000000000000000000000000000000000000000000000000000000000000000000000000000000000000000000000000000000000000000000000000001111000000000000001000000000000
0111100000000000011100000000000000000000000000000100000000000000000000000000000000000000000000000000000000000000000000000000000000000000000000000000000000000000000000000000000001100000010100000000000000000000000000000000000000000000000000000000000000000000
0000000000000000000000000000000000000000000000000100000001100000011110000000000000000000010000000000000000000000000000000000000000001110011100000100000001100000000000000000000000000000000000000000000000000000011100000100000001000010000000000100000001100000
0100100000000000001000000010000001000000000000000000001000000000000000000000000001000000000000000110010000010000000011100000001000000000000000000000000000000000011100000000000000000000000000000100110000000000000000100000000000000000000000000000001000000010
0000000000000000000000000100111000100000000000000000000000000000001001000000000000000000000000000100000001111110000000000000000001110000000000000100000000000000000000000000000000000000000000000000000000000000000000000000000000000000000000000000000000000000
0111111100000000011111111110100001100000000000000011000001000000000000000000000000000000000000000000000000000000000000000000000000000000011000000000000000000000000000000000000000000000000000000000000000000000011000000010000000000000000000000000000000000000
0000001000000000010000000111000000100000000000000110111100001100000010000000000000000000000000000000000001101110000000000000000000100000000100000000000000000000001000000000000000000000010000000011011111110000011000000110000000000000000000000000000000000000
0000100001000000000000000000000000000000000000000000000000000000000000000000000000000000000000000000000000000000000000000000000000000000000000000000000000000000000000000000000000000000000000000000000000000000000000000000000000000000000000000000000000000000
0100000000000010000000000000000000000000000000000000000000000010000000100000000001000000010110100110000000000000010000000000000000000000000000000000000000000000000000000000001000000000000000000000000001111000000000000000000000000000000000000110000000000000
0100000001110000000000000010001001111100000000000000000001100000000000000000000000001010000000000000000000000000000000000000000000000000010000000000000000000010010000000000000000000000000000000111000000000010011010111110100000000000000000000000000000000000
0000000000000000000000000000000000000000000000000000000000000000000000000000000000000000000000000000000000000000000000000000000000000000000000000000000000000000000000000000000000000000000000000000000000000000000000000000000000000000000000000000000000000000
0100000000000000100000000000000000000000000000000000000000000000000000000000000000000000000000000000000000000000000000000000000000000000000000000000000000000000010000000000010000000000100000000000000000000000000000000000000000000000000000000000000000000000
0100000000000000000000000000000000000000000000000000000000000000000000000000000000000000000000000000000000000000000000000000000000000000000000000000000000000000000000000000000000000000000000000000000000000000000000000000000000000000000000000000000000001100
0101011100000000000000000000000000000000000000000000000000000000000000000000000000000000000000000000000000000001000000000000000000000000000000000000000000000000000000000000000000000000000000000000000000000000000000000000000000000000000000000000000000000000
0000000000000000000000000000000000000000000000000000000000000000000101000010000000000000000000000000000000000000000000000000000000000000000000000000000000000000000000000000000000000000000000000000000000000000000000000000000000000000000000000000000000000000
0000000000000000000000000000000000111111110000000000000000000000010010000000000000000000000000000000000000000000000000000000000000000000000000000000000000000000000000000000000000000000000000000000000000000000000000000000000000000000000000000000000000000000
0000000001000000001000000000000000000000000000000000000000000000000000000000000000000000000000000000000000000000000000000000000000000000000000000000000000000000000000000000000000000000000000000000000000000000000000000000000000000000000000000000000000000000
0000000110010000010000000000000000000000100000000000000000000000000000000000000000000000000000000000000000000000000000000000000000000000000000000000000000000000000000000000000000000000000000000000000000000000000000000000000000000000000000000000000000000000
0000000000100000000000000000001000000000000000000000000000000000010101001111110111111111111110111110000110111010000111111111000000000000000000000000000000000000000000000000000000000000000000000000000000000000000000000000000000000000000000000000000000000000
0100000000000010011111101000000000000000000000001010011010101000000000000000000000000000001100000000000000000000000000000000000000000000000000000000000000000000000000000100000001000110000000000000000000000000000000000000111001011011010000000111000001000000
0000000000000000000000000000000000000000000000000000000000000000000000000000000000000000000000000000000000000000000000000000000000000000000000000000000000000000000000000000000000000000000000000000000000000000000000000000000000000000000000000111000000000000
0000000000000000010000100100000001000000000000000000000000000000000000000000000000000000000000000000000000000000000000000000000000000000000000000000000000000000000000000000000000000000000000000000000000000000000000000000000000000000000000000000000000000000
0110000011111100000100001000001110000001111110100000011011110000000000000000000000000000000000000000000000000000000000000000000000000000000000000000000000000000000000000000000000000000000000000100101010000000000000000000000001001110010011100000000000000000
0100000000000110000000000000000001001110000000000000000000000010000000000000000000000110000000000010000000110000000000000000000000000000000000000000000000000000000000000000000000000000000000000000000010000100000000000000000000000010000000000111110000000010
0000000000000000000000000000000000000000000000000000000000000000000000000000000000000000000000000000000000000000000000000000000000000000000000000000000000000000000000000000000000000000000000000000000000000000000000000000000000000000000000000000000000000000
0100000000000000000000000000000001110000000000000100110111000000000000000000000000000000000000000000000000000000000000000000000000000000000000000000000000000000000000000000000000000000000000000000000000000000000000000000000000000000000000000000000000000000
0000000000000000000000000000011001100100010001001100110000000000010000000000000001001000000000000000000001111100010010000000000000101111000101010010001000000000111101100100000000000000000000000000000000000110011011111111000011000000000000000000000000000000
0000011001000100000000000110011001000000011001100000000000000010010001100000000011111111111100000110000001000000010000000000000000000000000000000000000000000000010011100000001000000000000000000111001000000110000000000110011000000000000000000000011001100000
0000000001000000010000100000000001111000000000000001101001100000000000000000000000000000000000000000000000000000000000000000000001000011110100101110011001110011101001000011101011111110000001000000000001000000011010000110000010000010110000000100010011100000
0000000000000000000000000000000000000000000000000000000000000000000000000000000000000000000000000000000000000000000000000000000000000000000000000000000000000000000000000000000000000000000000000000000000000000000000000000000001101100011000000001000000000000
0100100001101000000000000000000000000000000000000000000000000000000000000000000000000000000000000000000000000000000000000000000000000000000000000000000000000000000000000000000000000000011110000000000000000000000000000000000000000000000000000000000000000000
0111101111111111111111111111111111111111111001111110111111100111111111111111111111111001111111011111111110111110111111001111111001111111011111111011111111111111111011111111011011111111111111101101111111111110111111111111011101111111111110111101011111101110
0100001010001000110000101111010110011111110000011111011111111110100010000001110111110100000111110110000011100101000001111011100000000000000000001111110000000010010100000011000000000000000000000111110111111111010111000110100100111111111110111101111011111100
0111011001011000111110111110110011011111111011111111011111110111111111111111111111111110111111111001111111101101111111111011110111110111101111111101111110111111111111110111101111101111111111111110100101101111110111111111110111111010110111111110111011101100
0111011111111110111111110111111111111111111111111111110101101111111111111111111111111011111111111111101111111111011111111101011111111111111101100111111111111111111111111110111111111111100101110110111111101111111101111111111110111111111011011111110111111110
0111011111101111011111111111111111111111011101111111011111111111011111111111111111011111111111101111111111011011111101111111001011111111111111101111111111111111111111111111111110111111111111101110111111111111101111111111111111111111111111101111111110111110
0000000000000000000000000000000000000000000000000000000000000000000000000000000000000000000000000000000000000000000000000000000001111111111101111111111111111101011011111111111101111111111111111111111111111011111111111111101111111111111111111111111111111110
0111000000111011111011111011101110111011111111111001111111111111111001111111111111111110011110001111111111111111111111111111111001111111111111111111111111111111111111011111111111111111111011100101100000000101000101000101110111100010010000110001110000001000
0111111111111111110111111111111111110111111110111111111111111111111111111111111111001111101111111111011101111110111111111101111111111011110101101011111111111010101111111111111111111111111110111111111111111111011111110111111111111011111111111101111111111110
0111111111111111111100101111111111110111111110111111111111111110011111110101110010110101010000000011000000000000000000000000000001111001010011011001000110111100011110001001110000000000000000000000000000000000000000000000000000000000000000000110100000000000
0111011111111011111000011111110111110111111111111011111111111111111111110111111111111110111111111111011101111110101101111111111111110111111111111111011110111111111111110110111111111101111111011111111111101111110110111111111111111111111111101111111011111110
0111111111111111111111111111111001101101111001111111111111111111011111110111111111111111111111111100111111111011110111111111111111111111110111111011111111111110111101111111111111111111111111111111111111111111111111011111111111111111011111111110111000111110
0111010111111110101011111111011111111111111101111110111111011111001111111011111111111111110111110101110111111111111111111111111111111111111111111111111111101111110110110111111111111111110111111111111111111111111111111101111111111111110101100011101101111100
0111111111111111111111111111111110111111111111111111111111011111111011111111111111111111111111111011111111111111111110111111111111111111111111101111111111111111111111111101111111111111111111101111111111111100111111111111111111111111111111110111111111110110
0111011111111111111111100111111111111111111111101111110011111011111111111111111111111111111110111101111111111111001111111111011011011111111011101111111110111111111111111111101111111111111111101011101111111111111111011110111110111111111000111111111111111110
0111011111111011111111111111011111111111111111111111111111110101111111111111111111110111111111111111111101111111111111111111111111011111111111111110111111111011111111111111111111111011111110111111111111111010111111111111111110111011111111111111111111111100
0111000000000000000000000000000000000000000000000000000000000000010100111001100110100001001000010000100011000001110100100111110001110000110110110100110000000000001001000100000010010010100001100111000100101110101011101111000010111110011110010101111100001110
0111111111111001110101110111111101111011111101011011111110011011111111011111111111111111110111111111111111110110111111111111101001111010111111111111110011111100111101000000010110111011111111110111111111111110111010111111011111111111011101101111101111001110
0111011110011101111111011011101111111011111101011111111111111011111011111110110111111101101111111101111111111111111111111111011111111011111111111101111111111111111101111111111111111001111101111111011111111111111101111111111111111111011111011111111111111110
0000000001110101110110111111110011111100011111111111010111101111011010101111001000000000001000111110000110110101111110111111111001111111111000101100101110010000000000000100010010001110011111111111111111111111111111111111111111110111001111011001000110000000
0111111111011111111111101111111111111011110111001110111111111110111101101111111111101111111111111111111111111111111111111111111101111111101111111111111111111111111111111011111111111111111101111101111111101111011111101111011111110111111100111101101011101110
0111000000011101111111011111110111111110111101001111111111111111111111111111111111111010111111111111111111110111111111111110111101111101111111111110111111111111111111111111111111111111011111111111101111111111111111111011111111110111111111111111101111111100
0111111111111011011111111111111111111111111111101111111111111111111111111111101111111111111111111111111111111111111111111111111111011111111111111111111111111111111111111111111111111111111111111111101111111111111111111111111111101111111111111110111111111110
0111011011011111111111110101110111011111111110111111111111111111111111111011011111111111111111111110111111111111101101111111111111011011111111111101111111111111111111111111111111111111111111111011111111111111111111111111110101111111111111111100111111111110
0111000011111111111111111111111111111111101111111111001111111111111111111111011110111111111111111011010111111111111111111011111111111111111111111111101111111110111111111111111111111111011110111111111111111111111111011011011111111111111101111111101111010010
0000000000000000000000000000000001010000000000011100111001010110011111111111111011110111111111110110011111011111111111111111111001100000111011100101111110011111000111110011110110011000101111100111100010011010000000000000000000000000000000000000000000000000
0111000000111011111111111111111111111111110111111111111111111111111111111111111111111110011111111111111111111111111011111111111111111111011111111111111111110111111111111111111110111011110111101111111111111111111111111111111111111011111111111111111111111010
0111000000111111111111111111111111111110111111111111111111101111011011111111111101111111111111011101111111111111101110111111111111111101110111111111111011111111111111111111110111111111111111111111011111111111111110111111111111111011111111111111101111111010
0000000000000000000000000000000001001101011101010111111110000000000000000000000000000100000000000000000000000000000000000100000001011111010110101100110010001100100000010110101100000000100001010100110001110011000000010000100010000101001000110000000010101010
0111011101111111111111111111111111111111111011111011111111111111111111011111111110011111001111111011111111111111111111111111111001111100000011000000000000001110010000000000000000000000000000000100000010000100011001100000000000000110011000001100001101100110
0110100000000000000000000110000000100100010000100010000001100100001100000000000000000000000000000000000000000000000000000000000000000000000000000000000000000000000000000110000000000000000000000000000000000000000000000000000000000000010000000000000000000000
0000000000000000000000000000000000000000000000000000000011000000000000000000000000000000000000000000000000000000000000000000000000000000000000000000000000000000010000000000000000000000000000000110001000000000000000000000000000000000000000000000000000000000
0100000000000000000000000000000000000000000000000000000000000000010001000000000000000000000000000100000000000000000000000000000000000000000000000000000000000000000000000000000000000000000000000000000000000000000000000000000000000000000000000000000000000000
0000000000000000000000000000000000000000000000000000000000000000000000000000000000000000000000000000000000000000000000000000000000000000000000000000000000000000000000000000000000000000000000000000000000000000000000000000000000000000000000000000000000000000
0000000000000000000000000000000000000000000000000000000000000000000000000000000000000000000000000000000000000000000000000000000000000000000000000000000000000000000000000000000000000000000000000000000000000000000000000000000000000000000000000000000000000000
0000100000000000000000000000000001000000000000100111000000000100000000000000000000000000000000000000000000000000000000000000000000000000000000000000000000000000100000000000000000000000000000000000000000000000010100000000000000000000000000000000000000000000
0110000000010000010000000100000001000110000000000100000000000000000000000000000000000000000000000100000000000000000001000000000001000000000000000100000001000000011110000100010000000000010000000100001000000000000000000110000000000100010000000000000000000110
0000000000000000000000000000000000000000000000000000000000000000000000000000000000000000000000000000000000000000000000000000000000000000000000000000000000000000000000000000000000000000000000000100000001111000000000000000000001000000000000000000000000000000
0000000000000000000000000000000000000000000000000000000000000000000000000000000000000000000000000000000000000000000000000000000000000000000000000000000000000000000000000000000000000000000000000000000000000000000000000000000000000000000000000000000000000000
0000000000000000000000000000000000000000000000000000000000000000000000000000000000000000000000000000000000000000000000000000000000000000000000000000000000000000000000000000000000000000000000000000000000000000000000000000000000000000000000000000000000000000
0000000000000000000000000000000000000000000000000000000000000000000000000000000000000000000000000000000000000000000000000000000000000000000000000000000000000000000000000000000000000000000000000000000000000000000000000000000000000000000000000000000000000000
0000000000000000000000000000000000000000000000000000000000000000000000000000000000000000000000000000000000000000000000000000000000000000000000000000000000000000000000000000000000000000000000000000000000000000000000000000000000000000000000000000000000000000
0000000000000000000000000000000000000000000000000000000000000000000000000000000000000000000000000000000000000000000000000000000000000000000000000000000000000000000000000000000000000000000000000000000000000000000000000000000000000000000000000000000000000000
0000000000000000000000000000000000000000000000000000000000000000000000000000000000000000000000000000000000000000000000000000000000000000000000000000000000000000000000000000000000000000000000000000000000000000000000000000000000000000000000000000000000000000
0000000000000000000000000000000000000000000000000000000000000000000000000000000000000000000000000000000000000000000000000000000000000000000000000000000000000000000000000000000000000000000000000000000000000000000000000000000000000000000000000000000000000000
0000000000000000000000000000000000000000000000000000000000000000000000000000000000000000000000000000000000000000000000000000000000000000000000000000000000000000000000000000000000000000000000000000000000000000000000000000000000000000000000000000000000000000
0000000000000000000000000000000000000000000000000000000000000000000000000000000000000000000000000000000000000000000000000000000000000000000000000000000000000000000000000000000000000000000000000000000000000000000000000000000000000000000000000000000000000000
0000111000000000000000000000000000000000000000000000000000001000000000000000000000000000000000000000000000000000000000000000000000000000000000000000000000000000000000000000000000000000000000000000000010000000000000000000000000000000000000000000000000000000
0000000000000000000000000000000000000000000000000000000000000000000000000000000000000000000000000000000000000000000000000000000000000000000000000000000000000000000000000000000000000000000000000000000000000000000000000000000000000000000000000000000000000000
0000000000000000000000000000000000000000000000000000000000000000000000000000000000000000000000000000000000000000000000000000000000000000000000000000000000000000000000000000000000000000000000000000000000000000000000000000000000000000000000000000000000000000
0000000000000000000000000000000000000000000000000000000000000000000000000000000000000000000000000000000000000000000000000000000000000000000000000000000000000000000000000000000000000000000000000000000000000000000000000000000000000000000000000000000000000000
0000000000000000000000000000000000000000000000000000000000000000000000000000000000000000000000000000000000000000000000000000000000000000000000000000000000000000000000000000000000000000000000000000000000000000000000000000000000000000000000000000000000000000
0000000000000000000000000000000000000000000000000000000000000000000000000000000000000000000000000000000000000000000000000000000000000000000000000000000000000000000000000000000000000000000000000000000000000000000000000000000000000000000000000000000000000000
0000000000000000000000000000000000000000000000000000000000000000000000000000000000000000000000000000000000000000000000000000000000000000000000000000000000000000000000000000000000000000000000000000000000000000000000000000000000000000000000000000000000000000
0000000000000000000000000000000000000000000000000000000000000000000000000000000000000000000000000000000000000000000000000000000000000000000000000000000000000000000000000000000000000000000000000000000000000000000000000000000000000000000000000000000000000000
0000000000000000000000000000000000000000000000000000000000000000000000000000000000000000000000000000000000000000000000000000000000000000000000000000000000000000000000000000000000000000000000000000000000000000000000000000000000000000000000000000000000000000
0000000000000000000000000000000000000000000000000000000000000000000000000000000000000000000000000000000000000000000000000000000000000000000000000000000000000000000000000000000000000000000000000000000000000000000000000000000000000000000000000000000000000000
0000000000000000000000000000000000000000000000000000000000000000000000000000000000000000000000000000000000000000000000000000000000000000000000000000000000000000000000000000000000000000000000000000000000000000000000000000000000000000000000000000000000000000
0000000000000000000000000000000000000000000000000000000000000000010000000100000000000110010000000100000001000000000000000000000001000000001001000100000001000000011000000000000000000000000000000000000000000000000000000000000000000000000000000000000000000000
0100000000000000000000000000000001000000000000000000000000000000000000000000000000000000000000000000000000000000000000000000000000000000000000000000000000000000000000000000000000000000000000000000000000000000000000000000000000000000000000000000000000000000
0000000000000000000000000000000000000000000000000000000000000000000000000000000000000000000000000000000000000000000000000000000000000000000000000000000000000000000000000000000000000000000000000000000000000000000000000000000000000000000000000000000000000000
0000000000000000000000000000000000000000000000000000000000000000000000000000000000000000000000000000000000000000000000000000000000000000000000000000000000000000000000000000000000000000000000000000000000000000000000000000000000000000000000000000000000000000
0000000000000000000000000000000000000000000000000000000000000000000000000000000001110000011001100000000000000000000000000000000000000000000001000000000001000000000000000000000000000000000000000000000000000000000000000000000000000000000000000000000000000000
0000000000000000000000000000000000000000000000000000000000000000000000000000000000000000000000000000000000000000000000000000000000000000000000000000000000000000000000000000000000000000000000000000000000000000000000000000000000000000000000000000000000000000
0000000000000000000000000000000000000000000000000000000000000000000000000000000000000000000000000000000000000000000000000000000000000000000000000000000000000000000000000000000000000000000000000000000000000000000000000000000000000000000000000000000000000000
0000000000000000000000000000000000000000000000000000000000000000000000000000000000000000000000000000000000000000000000000000000000000000000000000000000000000000011100000000000000000000011000000111111111000000001000000000000000000000000000000000000000000000
0000000000000000000000000000000000000000000000000000000000000000000000000000000000000000000000000000000000000000000000000000000000000000000000000000000000000000000000000000000000000000000000000000000000000000000000000000000000000000000000000000000000000000
0000000000000000000000000000000000000000000000000000000000000000010000000000000000000000000000000000000000000000000000000000000000000000000000000000000000000000000000000000000000000000000000000000000000000000000000000000000000000000000000000000000000000000
0000000000000000000000000000000000000000000000000000000000000000000000000000000000000000000000000000000000000000000000000000000000000000000000000000000000000000000000000000000000000000000000000000000000000000000000000000000000000000000000000000000000000000
0000000000000000000000000000000000000000000000000000000000000000000000000000000000000000000000000000000000000000000000000000000000000000000000000000000000000000000000000000000000000000000000000000000000000000000000000000000000000000000000000000000001111100
0000000000000000000000000000000000000000000000000000000000000000000000000000000000000000000000000000000000000000000000000000000000000000000000000000000000000000000000000000000000000000000000000000000000000000000000000000000000000000000000000000000000000000
0000000000000000000000000000000000000000000000000000000000000000000000000000000000000000000000000000000000000000000000000000000000000000000000000000000000000000000000000000000000000000000000000000000000000000000000000000000000000000000000000000000000000000
0111000000000000010000100000000000000000000000000000000000000000000000000000000000000000000000000111000000000000000000000000000001111100000000000000000000000000000000000111110001000000000001100111000000000000000000000000000000000000000000000000000001100000
0000000000000000000000000000000000000000000000000000000000000000000000000000000000000000000000000000000000000000000000000000000001100110011000000100110001100010010011000110001001100010011100000000000000000000000000000000000000000000000000000000000000000000
0000000000000000000000000000000000000000000000000000000000000000000000000000000000110000000000000000000000000000000000000000000001111000011110000111100001101110011111000000000000000000000000000000000000000000000000000000000000000000000000000000000000000000
0000000000000000000000000000000000000000000000000000000000000000000000000000000000000000000000000000000000000000000000000000000000000000000000000000000000000000000000000000000000000000000000000000000000000000000000000000000000000000000000000000000000000000
0000000000000000000000000000000000000000000000000000000000000000000000000000000000000000000000000000000000000000000000000000000000000000000000000000000000000000000000000000000000000000000000000000000000000000000000000000000000000000000000000000000000000000
0000000000000000000000000000000000000000000000000000000000000000000000000000000000000000000000000000000000000000000000000000000000000000000000000000000000000000000000000000000000000000000000000000000000000000000000000000000000000000000000000000000000000000
0111111110000110000000000010011001000110011001000100001000000000011001110110111111000000000001100110011001100110011001100110011001100010011001100000000001100110011010000100011000000000000000000110001001000000000000000000000000000000000000000000000000000000
0000000000000000000000000000000000000000000000000000000000000000000000000000000000000000000000000000000000000000000000000000000000000000000000000000000000000000000000000000000000000000000000000000000000000000000000000000000000000000000000000000000000000000
0100000000000000010000000000000000000000000000000000000000000000000000000000000000000000000000000000000100000000000000000000000000000000000000000000000000000000000000000000000000000000000000000000000000000000000000000000000000000000000000000000000000000000
0000000000000000000000000000000000000000000000000000000000000000000000000000000000000000000000000000000000000000000000000000000000000000000000000000000000000000000000000000000000000000000000000000000000000000000000000000000000000000000000000000000000000000
0000000000000000000000000000000000000000000000000000000000000000000000000000000000000000000000000000000000000000000000000000000000000000000000000000000000000000000000000000000000000000000000000000000000000000000000000000000000000000000000000000000000000000
0110000000000000000000000000000000000000000000000111110000000000000000000000000000000000000000000000000000000000000000000000000000000000000000000000000000000000000000000000000000000000000000000000000000000000000000000000000000000000000000000000000000000000
0111100000000000000000000000000000000000000000000000000000000000000000000000000000000000000000000000000000000000000000000000000000000000000000000000000000000000000000000000000000000000000000000000000000000000000000000000000000000000000000000000000000000000
0000000000000000000000000000000000000000000000000000000000000000000000000000000000000000000000000000000000000000000000000000000000000000000000000000000000000000000000000000000000000000000000000000000000000000000000000000000000000000000000000000000000000000
0111011001111100000000000000000001110000000000000000000010000000000000000000000000000000000000000000000000000000000000000000000000000000000000000000000000000000000000000000000000000000000000000000000000000000000000000000000000000000000000000000000000000000
0000000000000000000000000000000000000000000000000000000000000000000000000000000000000000000000000000000000000000000000000000000000000000000000000000000000000000000000000000000000000000000000000000000000000000000000000000000000000000000000000000000000000000
0100000001100000100010000000000010001000010010000100000010100000000000000000000000000000000000000000000000000000000000000000000000000000000000000000000000000000000000000000000000000000000000000000000000000000000000000000000000000000000000000000000000000110
0100000000000000000000000000000000000000100000000000000000000000000000000000000000000000000000000000000000000000000000000000000000000000000000000000000000000000000000000000000000000000000000000000000000000000000000000000000000000000000000000000000000000110
0111000000000000011110000000000001100010001011100110000000000000000000000000000000000000010001000000000000000000000000000000000000000000000000000000000000000000000000000000000000000000000000000000000000000000000000000000000000000000000000000000000000000000
0000000000000000010000000000011001011000000000000000000000000000000000000000000000110000011000000000000000000000011100000000000000000000000000000000000000000000000000000000000000000000000000000000000000000000000000000000000000000000000000000000010000000000
0000000000000000000000000000000000000000000000000000000000000000000000000000000000000000000000000000000000000000000000000000000000000000000000000000000000000000000000000000000000000000000000000000000000000000000000000000000000000000000000000000000000000000
0111011001111000000000000000000000000000011100000111110001101110000000000000000001000010000000000000000000000000000000000000000001111000000000000010000001000000000000000000000000000000011111000000000000111100000000000000000000000000000000000111111100000000
