0000000000000000000000000000000000000000000000000000000000000000000000000000000000000000000000000000000000000000000000000000000000000000000000000000000000000000000000000000000000000000000000000000000000000000000000000000000000000000000000000000000000000000
0000000000000000000000000000000000000000000000000000000000000000000000000000000000000000000000000000000000000000000000000000000000000000000000000000000000000000000000000000000000000000000000000000000000000000000000000000000000000000000000000000000000000000
0000000000000000000000000000000000000000000000000000000000000000000000000000000000000000000000000000000000000000000000000000000000000000000000000000000000000000000000000000000000000000000000000000000000000000000000000000000000000000000000000000000000000000
0000000000000000000000000000000000000000000000000000000000000000000000000000000000000000000000000000000000000000000000000000000000000000000000000000000000000000000000000000000000000000000000000000000000000000000000000000000000000000000000000000000000000000
0000000000000000000000000000000000000000000000000000000000000000000000000000000000000000000000000000000000000000000000000000000000000000000000000000000000000000000000000000000000000000000000000000000000000000000000000000000000000000000000000000000000000000
0000000000000000000000000000000000000000000000000000000000000000000000000000000000000000000000000000000000000000000000000000000000000000000000000000000000000000000000000000000000000000000000000000000000000000000000000000000000000000000000000000000000000000
0000000000000000000000000000000000000000000000000000000000000000000000000000000000000000000000000000000000000000000000000000000000000000000000000000000000000000000000000000000000000000000000000000000000000000000000000000000000000000000000000000000000000000
0000000000000000000000000000000000000000000000000000000000000000000000000000000000000000000000000000000000000000000000000000000000000000000000000000000000000000000000000000000000000000000000000000000000000000000000000000000000000000000000000000000000000000
0000000000000000000000000000000000000000000000000000000000000000000000000000000000000000000000000000000000000000000000000000000000000000000000000000000000000000000000000000000000000000000000000000000000000000000000000000000000000000000000000000000000000000
0000000000000000000000000000000000000000000000000000000000000000000000000000000000000000000000000000000000000000000000000000000000000000000000000000000000000000000000000000000000000000000000000000000000000000000000000000000000000000000000000000000000000000
0000000000000000000000000000000000000000000000000000000000000000000000000000000000000000000000000000000000000000000000000000000000000000000000000000000000000000000000000000000000000000000000000000000000000000000000000000000000000000000000000000000000000000
0000000000000000000000000000000000000000000000000000000000000000000000000000000000000000000000000000000000000000000000000000000000000000000000000000000000000000000000000000000000000000000000000000000000000000000000000000000000000000000000000000000000000000
0100000000000000000000000000000000000000000000000000000000000000000000000000000000000000000000000000000000000000000000000000000000000000000000000000000000000000000000000000000000000000000000000000000000000000000000000000000000000000000000000000000000000000
0000000000000000000000000000000000000000000000000000000000000000000000000000000000000000000000000000000000000000000000000000000000000000000000000000000000000000000000000000000000000000000000000000000000000000000000000000000000000000000000000000000000000000
0000000000000000000000000000000000000000000000000000000000000000000000000000000000000000000000000000000000000000000000000000000000000000000000000000000000000000000000000000000000000000000000000000000000000000000000000000000000000000000000000000000000000000
0000000000000000000000000000000000000000000000000000000000000000000000000000000000000000000000000000000000000000000000000000000000000000000000000000000000000000000000000000000000000000000000000000000000000000000000000000000000000000000000000000000000000000
0000000000000000000000000000000000000000000000000000000000000000000000000000000000000000000000000000000000000000000000000000000000000000000000000000000000000000000000000000000000000000000000000000000000000000000000000000000000000000000000000000000000000000
0000000000000000000000000000000000000000000000000000000000000000000000000000000000000000000000000000000000000000000000000000000000000000000000000000000000000000000000000000000000000000000000000000000000000000000000000000000000000000000000000000000000000000
0000000000000000000000000000000000000000000000000000000000000000000000000000000000000000000000000000000000000000000000000000000000000000000000000000000000000000000000000000000000000000000000000000000000000000000000000000000000000000000000000000000000000000
0000000000000000000000000000000000000000000000000000000000000000000000000000000000000000000000000000000000000000000000000000000000000000000000000000000000000000000000000000000000000000000000000000000000000000000000000000000000000000000000000000000000000000
0100000000000000000000000000000000000000000000000000000000000000000000000000000000000000000000000000000000000000000000000000000000000000000000000000000000000000000000000000000000000000000000000000000000000000000000000000000000000000000000000000000000000000
0000000000000000000000000000000000000000000000000000000000000000000000000000000000000000000000000000000000000000000000000000000000000000000000000000000000000000000000000000000000000000000000000000000000000000000000000000000000000000000000000000000000000000
0000000000000000000000000000000000000000000000000000000000000000000000000000000000000000000000000000000000000000000000000000000000000000000000000000000000000000000000000000000000000000000000000000000000000000000000000000000000000000000000000000000000000000
0000000000000000000000000000000000000000000000000000000000000000000000000000000000000000000000000000000000000000000000000000000000000000000000000000000000000000000000000000000000000000000000000000000000000000000000000000000000000000000000000000000000000000
0000000000000000000000000000000000000000000000000000000000000000000000000000000000000000000000000000000000000000000000000000000000000000000000000000000000000000000000000000000000000000000000000000000000000000000000000000000000000000000000000000000000000000
0000000000000000000000000000000000000000000000000000000000000000000000000000000000000000000000000000000000000000000000000000000000000000000000000000000000000000000000000000000000000000000000000000000000000000000000000000000000000000000000000000000000000000
0000000000000000000000000000000000000000000000000000000000000000000000000000000000000000000000000000000000000000000000000000000000000000000000000000000000000000000000000000000000000000000000000000000000000000000000000000000000000000000000000000000000000000
0000000000000000000000000000000000000000000000000000000000000000000000000000000000000000000000000000000000000000000000000000000000000000000000000000000000000000000000000000000000000000000000000000000000000000000000000000000000000000000000000000000000000000
0000000000000000000000000000000000000000000000000000000000000000000000000000000000000000000000000000000000000000000000000000000000000000000000000000000000000000000000000000000000000000000000000000000000000000000000000000000000000000000000000000000000000000
0000000000000000000000000000000000000000000000000000000000000000000000000000000000000000000000000000000000000000000000000000000000000000000000000000000000000000000000000000000000000000000000000000000000000000000000000000000000000000000000000000000000000000
0000000000000000000000000000000000000000000000000000000000000000000000000000000000000000000000000000000000000000000000000000000000000000000000000000000000000000000000000000000000000000000000000000000000000000000000000000000000000000000000000000000000000000
0000000000000000000000000000000000000000000000000000000000000000000000000000000000000000000000000000000000000000000000000000000000000000000000000000000000000000000000000000000000000000000000000000000000000000000000000000000000000000000000000000000000000000
0010111010111111110010111110011001101101111111010101111010100111101011011011111001111001110011101101100101111101111100011111110111010111101010001111110101111111100111111111111111101111110011011011101001111000001111111011101101011111101100011101011111110110
0011011101011011001101001111111101011110010110101111111010111101111111111111101110111111011011111011101110110111100110011111111110011001011000110010111110001111111111011001111111101100111110111111111111110101110100111101111111010011110011111111111101011111
1111111010111111111110110111111101101111111110101101000111111110111111110111110111111111111111101111111110001111111011110111111111111011101100111111101101111110011101111111110111000111011111011111111111111111100111100111111011010111101111111111100111101000
1001110011111110110011111111111010111101011000111110101011101111111101111111101101110110110101111111110111011011101111110101111111110110110111101111111011011111011011101011111101111001111101101111011111110111111111100101010010101011111101110111101111110111
1111111111010111111101011101111110110110111111110111101111111111011111111111111101111011111111111111111101011111110110110001111001111011111110010001110111111110111111111111111100011110111111100111111101100110100111101111101110101111111111101011111101001011
1000101100011111001100011101011111111011111011111111111111010111111111110111111111111111110101111011101111100011111011100011111111110111101111111110011111100100101110101111110110011110111111110111000111111111111111111011111011111111111001100111111010111111
0011111111001111111111010101011101111010011110111100100100110101111011010111111111111011111111000111111111111111010101111110011111101011111011100111111111011001101111010111111011111010101111111011101110111110111111111001101011100111101101101011111110111110
0011111110111010111111110111111111111010101011111110010110001100111110110011001011100100101011010111110110111110111111011001111111010111011001011111001111111011110111111101111111111111011110101101111100011111001111101110110101110100111011110101001101100111
1110110111111111111111101111011111111111111101111100111111111111101101100101110110111111101011010111111101010111001111101011111111110011111110111011101111111011000111011011111010111011111011011111001111110111111111111111100011111011011111111111110001111111
0010101111011010011011010111111011111111111111011111101011111110111111111110110111110111011010011111010101011101111111111111100011111111111111011011111110011111111110111100111100011000100010010011010001101110111011101011011101111111111010110101111111101100
1011100011111011111110000001111100111010111111111011110111111111111010011111110000111110101111111011101011110111101100111111111011011101111111011111111111011110111111011111101001111011110111101111111011111110110001111110101011110100101111101111101001100111
0011100111111111011101101110101111101111110111111111101111111101111101011110111110101100111101101101110000011111111011111010111111111100001101110110011111011101011100110111111100111111011111011011001111011011110011111111011111111111111001101101011111101100
1010111100101101111110111111111111111101111101111111101101111010110011110011111011101001111110011010111111100101001101101111111111101110101111100111011101011111111001111111011110111110011011110111111101111111111111101111101011111110111100111111100111111111
1001011111011111011101111110111010111111101111110100111111111111110010011111111111110111001110111111110111111101111111110101111111011110111110111111011111111011111111101110010111110111110111100111111011111111111111011111101111111110110110111011111010110111
1111111111111111101110101101011111110100111110111011101111011001100111101111011111111111010111110000110001111101001110001111111001110100100111110111111010111110111111101000110111111001111111110111001111111011011111110111110111110111101111111111011111111011
1101111110101100010111111101110101111101111101111111110101100111011101111111111111011001110011111101011111111110110011111111111110111111011110011111111111111111111110101111011111111111001111111110111101111110110011110111110001111111111010010111110010111110
0101111000111101011101011000111111011111110001100101100011100100110100111111000111111110011001011011001101101110101111011111110111110011011001101111101111011111111011111111100011111011111011011111101110011101111100111111111110111111100101101111000011111100
1111111101101110111111010011011000010111111111111011011101111001110010111010111110111010101111001111101000110111011101111001111001111100110001110111111111110000000011101111111011010111011110101111111111101100111100101101010101111111101011011101101111000011
0011001101111110110010111111100111111011111111111110111101111110001111111011010011111101111110011100111111111101011111101101110101111111111111110100110001111111111010011111010001011111100111111111111111111011011101110011001010111111101111111111111111111111
1011111101101111111001011110111111100111111111100101101111111101101110111111111110111111100110011110111111110111011100111101001011111111111110111111011010111111110111011101111111111011111111101111111111101111111101010111011110111111010111111101111101011110
0111101101111000110100010110101111101111011101001111010100111011101110111111111110001011100111110111011101111111100010100011100111111111101010111111011111110111111010111010111011110110111111101110101010110111111010111110111110110101111100001001111011101110
0011111110011101110111011111010111010111110100010111111111011010110011110000111111110111111111111001001001001110101101001111111000101110100111110111111110111011011001011111111111111000111111011110111111111011110010111110101101100110010001111011110111111001
0011111110101101011111111111111111111101111001101111100011111001010011111100101101011100101111110001101010010001011111000111010011110010101101101111111111111011110111101110010010111111000111101111100110111111010110011001010111101111110011111110011111000111
0100100101111111100001111111101101110111110111011111101111011101111011100101011110101011111111111101100001101111100101111011111111110111111101110010010111110011101111010111111101111110110111111111111111001001111011101111110111001111101011111110110110100110
0100000000000000000000000000000000000000000000000000000000000000000000000000000000000000000000000000000000000000000000000000000000000000000000000000000000000000000000000000000000000000000000000000000000000000000000000000000000000000000000000000000000000000
0000000000000000000000000000000000000000000000000000000000000000000000000000000000000000000000000000000000000000000000000000000000000000000000000000000000000000000000000000000000000000000000000000000000000000000000000000000000000000000000000000000000000000
0000000000000000000000000000000000000000000000000000000000000000000000000000000000000000000000000000000000000000000000000000000000000000000000000000000000000000000000000000000000000000000000000000000000000000000000000000000000000000000000000000000000000000
0000000000000000000000000000000000000000000000000000000000000000000000000000000000000000000000000000000000000000000000000000000000000000000000000000000000000000000000000000000000000000000000000000000000000000000000000000000000000000000000000000000000000000
0000000000000000000000000000000000000000000000000000000000000000000000000000000000000000000000000000000000000000000000000000000000000000000000000000000000000000000000000000000000000000000000000000000000000000000000000000000000000000000000000000000000000000
0000000000000000000000000000000000000000000000000000000000000000000000000000000000000000000000000000000000000000000000000000000000000000000000000000000000000000000000000000000000000000000000000000000000000000000000000000000000000000000000000000000000000000
0000000000000000000000000000000000000000000000000000000000000000000000000000000000000000000000000000000000000000000000000000000000000000000000000000000000000000000000000000000000000000000000000000000000000000000000000000000000000000000000000000000000000000
0000000000000000000000000000000000000000000000000000000000000000000000000000000000000000000000000000000000000000000000000000000000000000000000000000000000000000000000000000000000000000000000000000000000000000000000000000000000000000000000000000000000000000
0000010100000000010001000000011001110101000000000000011001110000011000000000010100000000000000000000000000000111011100000000000000000000000000000000000000000000000000000000000001000000000000000100010000000000011101100100000001110000000000000100000000000010
0111110110101100110111110111111111111111011100001110111001101111001111010110011010111011111011011011111110101011111111101110101011010111010100110001010111111110111110110011011110101001100111101011011110111101010110011001111101101111101101111111111111011111
0100000000000000000000000000000000000000000000000000000000000000000000000000000000000000000000000000000000000000000000000000000000000000000000000000000000000000000000000000000000000000000000000000000000000000000000000000000000000000000000000000000000000000
0000000000000000000000000000000000000000000000000000000000000000000000000000000000000000000000000000000000000000000000000000000000000000000000000000000000000000000000000000000000000000000000000000000000000000000000000000000000000000000000000000000000000000
0100000000000000000000000000000000000000000000000000000000000000000000000000000000000000000000000000000000000000000000000000000000000000000000000000000000000000000000000000000000000000000000000000000000000000000000000000000000000000000000000000000000000000
0100000000000000000000000000000000000000000000000000000000000000000000000000000000000000000000000000000000000000000000000000000000000000000000000000000000000000000000000000000000000000000000000000000000000000000000000000000011111100000000000000000000000000
0100001010010001010100000000101010000101101000000110001100000000001001001000000000100001010101101010101000010101000011100100000100000000011111000101000010100001000100100000100011111001000000100000001010001010000010101001000000000000100101100000011111100010
0000000000000000000000000000000000000000000000000000000000000000000000000000000000000000000000000000000000000000000000000000000000000000000000000000000000000000000000000000000011010000000000000000000000000000000000000000000000000000000000000000000000000000
0111001011001110010011101011011110100111100111111111111101111011010011110011100111111011110111111111110000111110110110010111110100010111011010101111111001111110001010111101110111111111111010101111110001101101001111111011001101101101011101101011110001110110
1111011111111111111110111011010110111111110110111101111100111101111100110101111011101011011111111011011010000011111111101110011111110111110101110010011101100110001111101010111101011110110110110110110010101100101110011010111111111110101111001111001111100110
0111110000001110010110011011011111101011101111101111111000101111100101101011000110111111111110110110110111011011111110111111110110101111011111111011110100101011011111111011111111111111110111110110101111111101101001111100111001111101000101111101111110111110
0000000000000000000000000000000000000000000000000000000000000000000000000000000000000000000000000000000000000000000000000000000000000000000000000000000000000000000000000000000000000000000000000000000000000000000000000000000000000000000000000000000000000000
0100000000000000000000000000000000000000000000000000000000000000000000000000000000000000000000000000000000000000000000000000000000000000000000000000000000000000000000000000000000000000000000000000000000000000000000000000000000000000000000000000000000000000
0000000000000000000000000000000000000000000000000000000000000000000000000000000000000000000000000000000000000000000000000000000000000000000000000000000000000000000000000000000000000000000000000000000000000000000000000000000000000000000000000000000000000001
0100101111101111101110011111111101110001111111100001111111110111111010111100011011011111111101111011111011100111101010110011101010011110110111100101101111111111111110110111101011111011111111011111001111111001111010110111011111111001100001101111110110110111
0111011111011011111000100010111011111110111111101101110111111101111110111101111111100010011011011011001011100010111111111000011011011111110011110111111101111111111110110110100111101001111110101111001111000101000111110001001101010000111011011111110000111010
0111011011011111100110100101010010011110111010011100111011111011001111100110101101011011001110010011111111111101110111110000101111100100111001101001011111101101100110000111111100010111011101010011110110111101111110101111011001001011100111111111111110011101
0111111000010101101101111111111111011110011011001111111100001111011101110110101111101111111000101110011111011101111001101011001111111100111110111111110001001111011011101011110010111110011111101001110011100001110100111101111011101000110100101110111111111111
1011110111100111110110110111111101111011101011100100111011110101110111101110110011111101101110011001010111101001001101111111110111110010001101000000111001110111111010110011011110110000101111111110101100001100000110111001001111100100111111001010111111100111
1111111011001100110011101101001001011111110111111000101011111110101100111101100110100011111111111010011111100111111001101110111101110111100010110011100111011110111111111100111011111010011011011111000111011110011110101010001101010110101011101010010011100001
0100011111001011000000000000000000000000000000000000000000000000000000000000000000000000000000000000000000000000000000000000000000000000000000000000000000000000000000000000000000000000000000000000000000000000000000000000000000000000000000000000000000000000
0111000110111101111110111111101001111111101011111110101111101010110111111111011111010001011101001111011111111111100111111111111111111111101111111111111110010111111111000111101101111111111000110111101100111101100101110111111010111111111101111111100011100111
0111110101111111010011101100011111111011101110010111011110110110111111110011111001111110011111101100011000111100100011111010010001000000111101101111000110011110011001110111101011100110110001010100101001001101011111111011011101111111101111111011011111100110
0111111110111111000111101111011110101111000010101001111110101001110111100111101110111100111101011010101110111110111101000111101010110101100111111111111111011101101101111110110011110011010101011111110111111010101101111101100011111011111000111011100111100110
0111110101011100001010011001110010000111101100101011111111011001110000110111100111101111000011000010101011000111111101011011110001000110101011001111011110001011001101100010100111010111011001111001010111110111110101111011100101011111100101110101111111110111
0101111110110100101110101011011101111111111001111111000110111011011111111111100111111111111001111101111011011110011010010110011011010100011101111111111100011111101100111011111001110111101011011101011011010111110001011110111100010011011111010110100111110000
0111111111111111111111010100000001101111110111000000000000000000011111110011101001000001100000000000000000000000000000000000000001100000011111001111000101110111011011111001111111000000000000000111110000000000010000000000000001011110000000000000000000000000
0000000000000000000000000000000000000000000000000000000000000010000000000000000000000000000000000000000000000000000000000000000001000000000000000000000000000000000010000101100100000000100000000000000000000000000000000000000000000000000000000000000000000000
0111111111111111111111111111111111101111111111111111111111011111111111111111111111111111111111111111111111111111111111111111111111111111111111111111111111111111111111111111111111111111111111111111111111111111111111111111111111111111111111111111111111111111
0111111011111111111110111111111111111111111111111111111111111111111111111111111111111111111111111111111111111111111111111111111111111111101111111111111111111111111111111111111111111111111111111111111111111111111111111111111111111111111111111111111111111111
0111111111101011111111111111111111111111111111111111111111111011111111111111111111111011111111111101111100111111111111101111110111111111111011111111111111111111111111111111111110111111111111111111111111111111111111111111101111111111011111111111111111111011
1111111111111111111111111111111111111111111111111111111111111111111111111111111111111111111111111111111111111111111111111111111101111111101111111111011111111111111111111111111111011111111100111111111101111111111111111111111111111111111111111111111111111110
0111001111110011110011110101110010011101111111110111111111111110111111101111110000011110110111111111000011011011101111110110101101111111111110110100110111011110100101100110111010000111100101011111111111110111101111110110011101100000000000000000000000000000
0000000000000000000000000000000000000000000000000000000000000000000000000000000000000000000000000000000000000000000000000000000000000000000000000000000000000000000000000000000000000000000000000000000000000000000000000000000000000000000000000000000000000000
0101011001110111011101010111011101110101011111110110011101000000011001110100000101000001011001000100000001010000011100000000000000000000011101110101011101001001011000000000000001110000010100000100000000000000011101100000000000000110011001100100000000000101
0000011101110100010010010000000000000110010101110100010001000000000000000111011001110000011101100110000100000000011001010100000001000000000000000110000001000000011000000110011001100000011001110101000001100110011100000000011100000000011100000110000001110111
0100000000000000000000000000000000000000000000000000000000000000000000000000000000000000000000000000000000000000000000000000000000000000000000000000000000000000000000000000000000000000000000000000000000000000000000000000000000000000000000000000000000000000
0000000000000000000000000000000000000000000000000000000000000000000000000000000000000000000000000000000000000000000000000000000000000000000000000000000000000000000000000000000000000000000000000000000000000000000000000000000000000000000000000000000000000001
0101110101110111111111010111101011100101011110000011111111110110100011011010111101100100000011001001110111010011101110011101010111010010110010011100110111110110010111111011110100111101011001111101001110001111001010110101110111111100010111011110110100100101
0111110011011101111000101111101001110111010101101000111000000011100011111101001001100011011111011101110100111101110011110011001011010111111111101100111001100100011101101001111111011100011111101111111111111100100110011110111111111110110011100111111100010010
0101010100000000000000000000000000000000000000000000000000000000000000000000000000000000000000000000000000000000000000000000000000000000000000000000000000000000000000000000000000000000000000000000000000000000000000000000000000000000000000000000000000000000
0000000000000000000000000000000000000000000000000000000000000000000000000000000000000000000000000000000000000000000000000000000000000000000000000000000001100000000000100000000001101000000000000110111001000000000000000000000000000000000000000101111000101110
0111111011111111001111110010111111011101111111111101101110011001011111101101110100111001111011100111100111110110111111110100100001001110101000111010011100110111101111110011111001100000100011100111111010101011010110111110110010110101010011001101111110100010
0111111101011100001100101001111111111101011001000110011111110011011101011111111111011100111001000110011001000111111101001111111111011110110001101110101110111001101101011011110110110001110101111101111111000111011100111011001101011001111111111100111101001111
0100011011000111011111011011111011110101000011011110101101101110110111110011111111111111111111110101010011000101110001110110101111101010111101000111111110101011101110110101111111010011010110011100110100110110111101011101110110111011111100011011111101011011
0001011110001100111011010101100010000110111111001001100111011111011010010101010111011111011110011111111111011010010010110101101111111100110111011111100111011111001011111010111111111000110101110000111101000011111111101111111111010011111110111100011101011101
0111111100101111111110011000110101100111001011111101111111111110111111111101111111111100110111110101111011110111111110011001111101010001011101111101111111001111011010111111101100100111110111110110011011111111011101000101011110111111010011111111111100101010
0111111111110111001111111111111110010010100011110111111110001111111111001101011110111111111111111110111010111101111011101101111111101101111011101111101111111111111010111100110001000011111111011110110110101000111011110110111011111110011010111010011011110110
0111110101111111010111101111000101111100110111011011101010110011111011010111011010110110011111111111110011111011111110101011111011101110110101111011111110100101001111101110111010111100011111001101111101101011111110001001001111110110111111110110101111010111
0111000100111111110100000101101111011101000101110111111100110001101111111110110111011111010011110100010010111000110110100001111010101011111011111000001100111101011111101111111010111100000101100111100000110110010101011011101010110110101110110111111010101101
1110111010101101110111111111101111001110010011011010101011101110111111111101111100111001101110001100011010101011011001010101011101011001010111110001101110100011111111111111110101111101111111000001110011110111111011110110111010001111011101111011110111011100
1110111111011010010111110110111111101011110111111111110111101111111101111101111111111111011100100010011100111111011111111111101011110000011101010111001000011111100100001111010001010001101001101011110101110111101111000011111110000110001110100101111100011011
0110111111111110011110101101101000011111010111111001100110000001110100111111101001111001011111100011100101110011101011111111000111110111011111111101111100110001111001110111100111111011011011110101111111110100010110100111010110101111110000001111110101100111
1001101110110100111110110111010111111001011011000001111110011111110001010010111110110101001011110100001101101111101010111110011001101111011111011101010011011101110101111100011111111100010101110101110110000000111110111011111011011101111011111101001101111011
1110011110111010001111000101101100110111011001011111110100111111101101111100110001011010111100011001111111100111101110000110111011110110101010010000111011110111111111111110101101110001110111111011101100111100111101101110111100101101101111101101111011111101
0111001110111010101111110111001111101111101110011001001101011110111001110010110000100000111100011011011001110010100000001110111001111111001101011111101111010111010110011100011010110110110111101011011100010101111111110111011110111111101100110100101000100100
0101101111011011111111110101101110100111011011110111010111101001111100010101010110101100111011111110010001111110111111111111111111110101001111111011101111110011111110111101101101111111110111110001110110111000111011111001011101011011001111101111011110100111
1110111101101111111110111010011001101011110111010011011111101011111011100100110110011001011111101110111001111111011111010101111001011110111100100001111000111110110011111101100111111100111111110000111011111011011111011110011111000011010000100011110111111111
1110111111111011100101110110101001010111011011011110111111111110010111101110101100100111111111110111001111010011111100101110101001111011111010111101100101110000100011011101111001110011101111111111110001001001011000111011111101101110011011001111110111100011
0111111111111110011011011100110011110111110111110010100111011111000111011111111010110111111100111111011110110100110111101101101100101111010100101111110110110111101001111011110100111011101110111011111011100101110111111010111111110011011100011110111111101111
1100110101010101110110111110100011100111101111110111110100111000100111111111111110011111110111101101011011100111110011111101011111111010011111011111111011111011010111011111100111101010011111001110111101111111011010001110110011001111100011011111111010111111
0111111111111011001101100111011011010101110101111101111011111111100101111111001110111111010111011111001011011111111111110111111111011011111110111110001111111011011100011110100111111100111111110111011111010111110111101111111111111101111110111001111110111100
0101110111011011001101111110011101011010110010000001111101101110100111111111111101111111111110111110110011110010100101111011001111101101110010011101111110011111011001111101111101011111011011001011010111110010111100111111110111010011000110111111111101111011
1110111101111101011111101111111111000111111101010001111110101110111111010001111000101110001111111110101111111100111111111111011110011110111110110011011111111111101110101111111011111110111110100101101111011111111111011111110111111111011111111110101111100010
0100000000000000000000000000000000000000000000000000000000000000000000000000000000000000000000000000000000000000000000000000000000000000000000000000000000000000000000000000000000000000000000000000000000000000000000000000000000000000000000000000000000000000
0000000000000000000000000000000000000000000000000000000000000000000000000000000000000000000000000000000000000000000000000000000000000000000000000000000000000000000000000000000000000000000000000000000000000000000000000000000000000000000000000000000000000000
0000000000000000000000000000000000000000000000000000000000000000000000000000000000000000000000000000000000000000000000000000000000000000000000000000000000000000000000000000000000000000000000000000000000000000000000000000000000000000000000000000000000000000
0000000000000000000000000000000000000000000000000000000000000000000000000000000000000000000000000000000000000000000000000000000000000000000000000000000000000000000000000000000000000000000000000000000000000000000000000000000000000000000000000000000000000000
0000000000000000000000000000000000000000000000000000000000000000000000000000000000000000000000000000000000000000000000000000000000000000000000000000000000000000000000000000000000000000000000000000000000000000000000000000000000000000000000000000000000000000
0000000000000000000000000000000000000000000000000000000000000000000000000000000000000000000000000000000000000000000000000000000000000000000000000000000000000000000000000000000000000000000000000000000000000000000000000000000000000000000000000000000000000000
0000000000000000000000000000000000000000000000000000000000000000000000000000000000000000000000000000000000000000000000000000000000000000000000000000000000000000000000000000000000000000000000000000000000000000000000000000000000000000000000000000000000000000
0000000000000000000000000000000000000000000000000000000000000000000000000000000000000000000000000000000000000000000000000000000000000000000000000000000000000000000000000000000000000000000000000000000000000000000000000000000000000000000000000000000000000000
0111110111000100111011000101011011010111101100101100011001100001011111010111011111001110100111111111111011001111111101101110100101101111001111111111100010011000011010111110011111101100111001000111111001101111111100110001000100100010010101011101011101111000
0111010001110111101010110111101011011111100100110100101011100111001011100011000010110100011111111110010100011101110100111111110000000001100101011111101010000010110001111101111001001011101100100110100010101010010111001110110110111111101111011110101001111010
0110111011111110011111010001110111001110111110110110001111100111100110111101111101110001111100000110111000011010100011111011100110101100111100101010101010011001110110111111110111011101101011101111111011110011000111111010111100101011110011111111110010101101
1101001000101010111111100100111011100100110111001101111010110111101110001111011101110101100011011111111111111101011101000100101011111101110011111111000000010100110111011110010011001111001001111100001111101001111110010010110110011111010110101011111011000111
0111111101101110011111111001101111111111011111111101011111101101000010010110111010110101101011010110001111010100111011110110111001000001101110101100111011110110001111000100000101100011111111010100110110011111110101111100111111011011010101011110011101000101
0001110001001100000100100011101011111110010111111010101110101011011110110101101010111011001100111010110110001101100111110100100111100100101100111000001110111101111111100110111110100111111011101100001110001011110011010110110011011110011010110111010111111100
1001110111111100111011111000101111110001011111111110011100111000101111111110011110111111000101101001001110101101111101010111001111101110101011101011011011110011111101101101111111001111011111111101110111010000001000100000001110101110111001010110111111101110
0010011111110101010110101101001111010110100111111111101010001110111110110000111111011110010001101111111011000011101011101001011110100011011000100001001011101000011100011010010000010101010101100110110001000011111100111111101100001111001110100101101101111000
0111111011101111111111110101111001111111110111110111011111110111111111111110111111111111111101101111110111100011111011111011111111111111111110111011110101110110111111111111110110011111111111111111100010011110011011111111101111111011100111110111100111111111
0111100111101111110011111111111100101100011101111011111001001111111110101111101101011000011101011101101111011111111100111111111111011111111011011101111111111010111101111110111111110010111111101111111101010110111111111111110111111111111010111101111111011101
0110111111101111111101011111101011011111100010111110001011011111111111111011111110111101111100111111011111001111111111101010111001111110111111111111111111111111111111001111101110111111111111111101110011100111100111110011101101111110111111101011111100111011
0101011111111111111111101100111101110111111111101101111111111111111111011010101011101111111011111111111111011111111111110111110101110101111111101110111111000111111010111111101111110011011111011011011111100111111100011111001001111111101101111111110101111111
0111011111110010100111111101101110110101111111111111111111011111111110111101110111111101111111011111111011111111000010101111111001111111101110111110111111111101010110101011111111111101111110011001110011110111101011001111111111111111111101110101111111111111
1111101111101111101110110111111111111011111001110011011111011011111110110111010111101111111111011111001111101111111111111100111111111111001110111011011111111011110011101110110110101101111111111010100110010010111111111110101101110111011111101011111011111101
0011111111110111011111011111111111111101111101100001111101101111100110110111101011111101100111111101110111111111111110101111111011111011011101011011101011011111111110111111011011111111111110101110111111111111111011111011110110111111001111111111110100111011
1111111011111111111111011111011101010111001011111111101111111111111111011111111001011111101111111111110111110111111111111001101111101110111101111101110110011111001110111111110011111011011011110100110011111101111111111000111111101111111111101010100100111101
0011111000111111111110111110111111111001101111100011110111110011111011111111011011111011111111111010101111100110111111101101111111111111100111111111111111110101110111111111111011111110110110101011111111111111111111010011001111111011011100101101001110111111
1110111010111111110111111101111110101110011101111111101111111001111111111110111011110101101101110110111111011111110011111101111111111001111111111111111011110011111011010011101100111111111011011111111111111011110111011111101101111111111001111101101110101111
0111110110111111110011111101110101111111101111110111111001111111111101010111110011111110111111111111001111111111101011101111101111111110011111011111111011110111111011111110110111111001111101111011101111011111001101110011111100110110110111101101011010111111
1111110110111111110100100111111110111111011111001101111111101110111010011111111111111011111111101111111111111110011110111010111111111111111110111111101111101101111011001110111111110111111111011011111111100111111111100110111111110101011111110111110111111101
1111010111111111111111101100111101011111111001001111101111111011111010110011111010111011111111011011011111111000011111101110110110110111111111110010111111111111111111110101111011101110011011011111110111111110111011111111101111110111111101101001111110111011
1110011011110011110011101100000101011101101110110100111111010100101011111111101111111111111111110110001111011111111010111011111011101000101011100111111111110010011011111011111110111111101101111111111111111011111111110111001111111111111111110111011111100010
1001111011111110111111011111001111011111110110111111111111101111101111101111111101101110111111011100011101011111111111101011101111111111111011110110111111111011111101011101001011111111111111111111111111111111110011111111101111111110001111111101110111111110
0111111111111110111111101111111010011110111100011111110001101111111111110011111101101111101011101111110101101011111111111111011101111110111111101110111111111111011111011111110111101111110101111101011101111111011111111111111111101111011011111111111111111110
0000000000000000000000000000000000000000000000000000000000000000000000000000000000000000000000000000000000000000000000000000000000000000000000000000000000000000000000000000000000000000000000000000000000000000000000000000000000000000000000000000000000000000
0000000000000000000000000000000000000000000000000000000000000000000000000000000000000000000000000000000000000000000000000000000000000000000000000000000000000000000000000000000000000000000000000000000000000000000000000000000000000000000000000000000000000000
0000000000000000000000000000000000000000000000000000000000000000000000000000000000000000000000000000000000000000000000000000000000000000000000000000000000000000000000000000000000000000000000000000000000000000000000000000000000000000000000000000000000000000
0000000000000000000000000000000000000000000000000000000000000000000000000000000000000000000000000000000000000000000000000000000000000000000000000000000000000000000000000000000000000000000000000000000000000000000000000000000000000000000000000000000000000000
0000000000000000000000000000000000000000000000000000000000000000000000000000000000000000000000000000000000000000000000000000000000000000000000000000000000000000000000000000000000000000000000000000000000000000000000000000000000000000000000000000000000000000
0000000000000000000000000000000000000000000000000000000000000000000000000000000000000000000000000000000000000000000000000000000000000000000000000000000000000000000000000000000000000000000000000000000000000000000000000000000000000000000000000000000000000000
0000000000000000000000000000000000000000000000000000000000000000000000000000000000000000000000000000000000000000000000000000000000000000000000000000000000000000000000000000000000000000000000000000000000000000000000000000000000000000000000000000000000000000
0000000000000000000000000000000000000000000000000000000000000000000000000000000000000000000000000000000000000000000000000000000000000000000000000000000000000000000000000000000000000000000000000000000000000000000000000000000000000000000000000000000000000000
0101101101011111111110101101011111101111111000101101101111111001111001010110110010110111000010001100111100101110011001111110111111111111011011101100011111110110111001111110111111011101011011111101011100000101111111110101111101111101111111101010100111111110
1010111111010111110111110101001111110111011111110110011111111111110011111011011111111111111111111111111111100101011111011011111110111101101011111011110111011111110111110101110100111111111101111100111111110000011100101110111111001111111110001001111111110000
0011110000111111010011111101101101110111111111111011101011011101101111101011111011101110000111111110101110011110111111111110000111111111110101111101100010111110111001110111111101001011101011111111111111111110011101111111011011111010001100101110011010001101
0011111011011111111010111011100111001111111101110111010111101100110111001100111111111111101111101101111111111011010111111011110101111001101011111111100110011111111011111111000010101100110101011011010100110101110110111101111011101111101101101000111011111110
0100000000000001010101010101010101110111011101110111011101110111011101110111011101110111011101110111011101110111010101110111010101110111011101110111011101010111010101110101011101110111011101010101000001010000000000000000000000000000000000000000000001100001
0000000000000000000000000000000000010000000000001010000000100110000000000000000000000000000000000000000001000000000001010010001000000000000000000000000000000000000000000000000000000000000000000000000000000000000000000000000000000000000000000000000000000000
0110011001100100011001000110010001100110011001100110000000000000000000000000000000000000000000000000000000000000000000000000000000000000000000000000000000000000000000000000000000000000000000000000000000000000000000000000000000000000000000000000000000000000
0110011001100110011101000110011001100110011001000110010001000100000000000000000000000000000000000000000000000000000000000000000000000000000000000000000000000000000000000000000000000000000000000000000000000000000000000000000000000000000000000000000000000000
0000000000000000000000000000000000000000000000000000000000000000000000000000000000000000000000000000000000000000000000000000000000000000000000000000000000000000000000000000000000000000000000000000000000000000000000000000000000000000000000000000000000000000
0000000000000000000000000000000000000000000000000000000000000000000000000000000000000000000000000000000000000000000000000000000000000000000000000000000000000000000000000000000000000000000000000000000000000000000000000000000000000000000000000000000000000000
0000000000000000000000000000000000000000000000000000000000000000000000000000000000000000000000000000000000000000000000000000000000000000000000000000000000000000000000000000000000000000000000000000000000000000000000000000000000000000000000000000000000000000
0000000000000000000000000000000000000000000000000000000000000000000000000000000000000000000000000000000000000000000000000000000000000000000000000000000000000000000000000000000000000000000000000000000000000000000000000000000000000000000000000000000000000000
0000000000000000000000000000000000000000000000000000000000000000000000000000000000000000000000000000000000000000000000000000000000000000000000000000000000000000000000000000000000000000000000000000000000000000000000000000000000000000000000000000000000000000
0000000000000000000000000000000000000000000000000000000000000000000000000000000000000000000000000000000000000000000000000000000000000000000000000000000000000000000000000000000000000000000000000000000000000000000000000000000000000000000000000000000000000000
0111110110111111001111011000111111101011010011111101111110010001111111111110010111110101011111111111111111010110011111110111111111011111011111111111101111011001110111111111011111111101111011111111010011111011101111011101011011011111111101101111111111111100
0000000000000000000000000000000000000000000000000000000000000000000000000000000000000000000000000000000000000000000000000000000000000000000000000000000000000000000000000000000000000000000000000000000000000000000000000000000000000000000000000000000000000000
0000000000000000000000000000000000000000000000000000000000000000000000000000000000000000000000000000000000000000000000000000000000000000000000000000000000000000000000000000000000000000000000000000000000000000000000000000000000000000000000000000000000000000
0000000000000000000000000000000000000000000000000000000000000000000000000000000000000000000000000000000000000000000000000000000000000000000000000000000000000000000000000000000000000000000000000000000000000000000000000000000000000000000000000000000000000000
0000000000000000000000000000000000000000000000000000000000000000000000000000000000000000000000000000000000000000000000000000000000000000000000000000000000000000000000000000000000000000000000000000000000000000000000000000000000000000000000000000000000000000
0000000000000000000000000000000000000000000000000000000000000000000000000000000000000000000000000000000000000000000000000000000000000000000000000000000000000000000000000000000000000000000000000000000000000000000000000000000000000000000000000000000000000000
0100000000000000000000000000000000000000000000000000000000000000000000000000000000000000000000000000000000000000000000000000000000000000000000000000000000000000000000000000000000000000000000000000000000000000000000000000000000000000000000000000000000000001
0000000000000000000000000000000000000000000000000000000000000000000000000000000000000000000000000000000000000000000000000000000000000000000000000000000000000000000000000000000000000000000000000000000000000000000000000000000000000000000000000000000000000000
0000000000000000000000000000000000000000000000000000000000000000000000000000000000000000000000000000000000000000000000000000000000000000000000000000000000000000000000000000000000000000000000000000000000000000000000000000000000000000000000000000000000000000
0000000000000000000000000000000000000000000000000000000000000000000000000000000000000000000000000000000000000000000000000000000000000000000000000000000000000000000000000000000000000000000000000000000000000000000000000000000000000000000000000000000000000000
0111101010010011111111111101111111010110111111001111011100011101001101111111111111010110111011011101110111100111011111111001111111111111001111101011111111001111111011010101100110111000111101010101011111111111111101111111111011111110110110111111011110111011
1111111110101011111010111011011111111111111110111101011111111101111111101110001110111101111111111011011101101101010110101111100110110011111101110110111111011101111100011111011101110111100011111100011111101011111101011111111110110111100111111011011101111111
0111111010110111001111011111101100110111111111111011001111011011101111010110111111111001001100001111011111011011011111101001111111111101011010101111111001111110101111111111111111110101111101001110111011101111111110111111111001111001001110010101110110111110
1101100111111111000111011111111111011111111111111001101111101101001111111011101110100111110110111111011000011111111110101101110101011011010110101110110001111111011111111010111100111101111111111111111101111111111111101111101100111101111001011100111111111111
0111100001111101111101100101011010110111111101001111111001111111011101111011011011111101111111111110001111111111101111111100011111011011111111010101101101111110110111011111100111010111110110111111111111111111111111011110011111111111111011011111111011100111
0111111011001011111111111111001110110000111011011100111111100110111111111110111110111101101110100011111101001110001111011110111111111111111111111101111100111111100101110111011101101101111011111001110111111111101111101111110111111011110110110111100111111111
0110110111111110110011110101111111111111111101010111111111001111111111110110111100111001100111011111111111111101010101111110011111111101111111111000111011111111101011111011111111011111001111011001011010101111110111111000100011101111010111110111111111111101
0111011111111101001111001111111111111111011011111000011101101111101101101110111111111001111111111111100011011010111111111010111001111110111110110111111110111111001111111111100100101111111110111100111111001011101011001110011111101011011111111101110010111111
1011000000110110110101001011111111111110110111111110110011011101011111111111011010111010101111111111110111110011111111111001111111111111111111111111111110111111111111101111110110001111111111111011111110111100111101110110111011101101001101111101111111011111
1111110111111011111101110101001111111110110111110000000010111011000110110101111110111110011111111111101011111111011101111010001110111101011110111111101101011111011111111111101111111110111101110101111111110111111110110111011111111111111101011110111101111101
0111101111111100100110011101000111111001111101101111100010001111111101011111111111011111111111111111111111111101001100101111111110111111110111111111010000111111011111011011101111111111111010111111110011111110111001010010111111010111111011101110011111111111
1011011110001110101101011101111111111111111011111010110111110011111101011010111111011111010111111011111101101111010011111101011111101110111111111011111101111111111010010101111111110111100110110010011111111011111111011111111001101111110011101111111101110111
0110110110111111110111111111111111111111010111011110110111101011110111101111111111000111111111111111111111101111011110111111111111101011111111111111111110101101111111111111011111111110100111111110001111110111111011101100101111111110110111111111111111111101
0011111111001111011111100011111111011111111111101011111011110111101110111111011011110101011111110110111111011100101111001011100111110110010011011111001001101111010111111111111111111111111011111111110111110101111111101111110101011101011100100111111011100010
0111011111111001110111101111111111110011001111101101110101011011111110101011110110111100111111111011011011111111101011111111110111111111111111101111111111111111101111111111111011111100111111111101100001101111101111110111111011101111000101111111111111011011
0111111001110011011111111111111111101011111111011111111111101111001111011111011111100111111111111101111110111111100110011111111110111101111111111111110111100111011111101110110111111111111111111011111110111111101111011111111111111111011111111001011011101001
0110111100011111011011001111101011110101011110111111111111011011111110111111111111110101111111110111100110111011110011111010111111101011011111111110111101010111101110111111011011100011111111111111111001001111110111110110111111111101110111110111110111101111
1110101111101111001101111101110011111101111111101110110111111110111111111111101111100011101101101001110111111101111110100011111011011101111011011111111011100111011111111110111111111101111110101100101110011111111001111011111111011110111000111111111101111111
1010110001111011010111111001111111011101111111101111011111110111110111101011101001011111110111111111111011111111110111111111111011111101111101111111110111111010111111101111111000111100111111111001111110011100110111111111101111111110011011110101111111110001
1111111011011101011111111011111111101111011110111110111101011110111111011110111101111011011110110011100111111111100111111011101010111110011001101011110011101101110101011111110111111011101011110111111011100110010110111101011011111111000011111111110110111101
1111011101111101110011111000001111100111110110110011100111111011111101111010010111111010011101011111011100111110111110001010111110101110111111110111111101111101100111101111111111100100101111111110111111011111101101011111110111001110101101011111111001110111
1011111100011011011110111111111011110101111010111111011111011001111100111111111010111111111111110011111110011011111110101110111110111101001111111100011111101110111011110111101111111011011110101111111100001111111111110010111011101101110111111111111111101011
1101010011111111111001101011001101111111111101110110111011011101111011011011111111010111111111010111111000101111111110011101110111101111001111111111010101111101110111100110011111011100011011111100111111011110111111011111101111110111111101001111000111101011
0011111111100100010111111111001101111111101100001111011111101011001011011101010001110110111111110111101111111111111110010010111111111110111111011111011011011111111011111110110110110110101010111111111101011010111111111110111110110111110111111000101101011111
1110111101011111011110001101001001111111101110110101111011110111111011111111011111011111101111111011110111111111110111111011111010100110111101111111110111101101111111111111110100111111111110111111011110111111111110111110110110100111100011111111111111111011
1101110010001111111111001111111010011111111111101110111111101101111111100101111111101110101111100111010111111111111101101111100111111011110111011111111111100111111110101101111110111101111101110111111100111110101111100111111111110111111011111011010111111101
0101101111111101100111111011101110111100111011111111101111111101110111111011011111111011010011111111010101101011111111111100101110111110001011111110001110001111100111011111000011011111101010011111101110111010111111110101111011101111100101010011011011011101
1111111111111011111101111111111101111110001000111111111111011111111110010101101100011111101111001111101111111101001111110110110001111011111110111111100101111011111111101111111101111011011111111100010111111101101011111010111111110111110101111101111111001111
0101101111111100001111110011101111111110011000101100010111111111111111001111110111111111100101111111111110111111111111111011101111111110111011111010101011111111101100011001111111111111111110110011011111101011111011100111111111110111011101111000111111011110
0111111111111111110111011111111111111001110110110110110111111111111101110101111111111110001111101111111101111111111111111101101001111111111011011000011001111110101111111111101001111111111111111111111101111110111101111111111101111110011111111111011100110100
0011111110111111110011110110110001111110111101110101110111010111101101111111111100101101101101111111011001110101111101011111111110011111100011111110011111101111100011111011001101111110111110111011111111101111111011111111101111011101101011100010111111110111
1001101110111111011100000011010110010111111111111111011001110111111111111011100101000110111111111111111111111100110111110011111111111111101111111011101011110111101011110011101111101001111111111111100110110011111111011111101101110111111111011010101110111110
0000000011010000000000011111011111111101111111111100000000000000000000000010000000000000000000000000000000000000000000000000000000000000000000000000000000000000000000000000000000000000000000000000000000000000000000000000000000000000000000000000000000000000
0000000000000000000000000000000000000000000000000000000000000000000000000000000000000000000000000000000000000000000000000000000000000000000000000000000000000000010000000000000000000000000000010000000000000000000000000000000000000000000000000000000000000000
0000000000000000000000000000000000000000000000000000000000000000000000000000000000000000000000000000000000000000000000000000000000000000000000000000000000000000000000000000000000000000000000000000000000000000000000000000000000000000000000000000000000000000
0000000000000000000000000000000000000000000000000000000000000000000000000000000000000000000000000000000000000000000000000000000000000000000000000000000000000000000000000000000000000000000000000000000000000000000000000000000000000000000000000000000000000010
0110111110110101111111111010111111101011011111111111110111110111111010110011001011111110001011011110111111100111111100001111101011111111111011100111111100110111111111111110110111110111011111111111101101011011110111111110110010111100110110011111111111111101
0011011011011010011101101011111111100110110011001011101001101111101110111110101111111001111111011111101011110011111011111111111011111111111100110111110111101101110111110111111111111011110101001011110101111001011111101111111111111111101110111110111111111001
1011110110011100001110111111111010111111001011111111011010111100011011111111101110111111111111101001000001111111111111110111011111101011110110101111011111111011111011111101111011111100111100110110011001001111111010101111001001111110101111111001010011111110
1011111100011111111111010111011110110101100011100111101111011001011111111001100111010011011111011111111010111010111011110010010110001011111110110111001111010110010111100111010101010111011111110100111111011111010111101101100001111111111111110101010110111100
0000000000000000000000000000000000000000000000000000000000000000000000000000000000000000000000000000000000000000000000000000000000000000000000000000000000000000000000000000000000000000000000000000000000000000000000000000000000000000000000000000000000000000
0000000000000000000000000000000000000000000000000000000000000000000000000000000000000000000000000000000000000000000000000000000000000000000000000000000000000000000000000000000000000000100000000000000000000000000000000000000000000000000000000000000000000000
0000000000000000000000000000000000000000000000000000000000000000000000000000000000000000000000000000000000000000000000000000000000000000000000000000000000000000000000000000000000000000000000000000000000000000000000000000000000000000000000000000000000000000
0000000000000000000000000000000000000000000000000000000000000000000000000000000000000000000000000000000000000000000000000000000000000000000000000000000000000000000000000000000000000000000000000000000000000000000000000000000000000000000000000000000000000000
0000000000000000000000000000000000000000000000000000000000000000000000000000000000000000000000000000000000000000000000000000000000000000000000000000000000000000000000000000000000000000000000000000000000000000000000000000000000000000000000000000000000000000
0000000000000000000000000000000000000000000000000000000000000000000000000000000000000000000000000000000000000000000000000000000000000000000000000000000000000000000000000000000000000000000000000000000000000000000000000000000000000000000000000000000000000000
0000000000000000000000000000000000000000000000000000000000000000000000000000000000000000000000000000000000000000000000000000000000000000000000000000000000000000000000000000000000000000000000000000000000000000000000000000000000000000000000000000000000000000
0000000000000000000000000000000000000000000000000000000000000000000000000000000000000000000000000000000000000000000000000000000000000000000000000000000000000000000000000000000000000000000000000000000000000000000000000000000000000000000000000000000000000000
0111011110110111111111110011110110100011110001111100111001111111110111100111111110011111111011110011110111110111111111001111101111110111110011111111101110111011111111111111111110111110111101111100111101011111101011110110101100101111010011101011111111010111
1001100111111111110111111110111011111111011111011001111110110111011110111111101111011111010111110111110111111111110111011011101101111101111111111001011101110110110111101011101111110111111110100111110111111110111010111111000111111011101111011101110111110100
0111111110111111111011101100011010111011011111110011101111101111110110111111111000111111011110111111101111011111111111101011111100101101110111111111111111110110111111101111101110100101110100010110111111101101110011101111001011100111110110100000011110111110
1111101011011111000111101101111111110100010111110111110111111111011010111110110111111110110111111111110110111101111010111111111110101110100111111101110111010000011111011110011111111111111100111111011111111111111100001110011111110011011111111001011110111110
1110111011111111101110111111100101101101111111011101111110110011111001111101101011111001111010101111011011111001011011010101111101011110001111100111110111000011111111101011110111110101111110101000101011110101111101101100101111001001110011111111101111100011
1111110011110011111111001101111111101010111011101000101100110111101011101110110111111111111111110111111010111111111111110101111111110110111001111111111111111010111101111111111111111111111111111111111101101110111111010101101110101111110111101110011111110010
1101101111110111111111111111111111111111011101011111011011011111011101111111111111111111111111110101111101111111111010101111111111011111111111111111111011111111111111111111011111111111110011011111101101111111101110011111111101001101111111011011111111100010
1111110101111010101111111111101111011111100111110110111100111101111110111100111111100111110111111110111111111010111111110111111101111111101111011101011110110100111110100011100111011101110101111011011111101001111011110111111111111111101111111111111101110111
0101011111101111110011110111111011111111100111111111111011011111101111101111100011001111111000101011111111101111101110101100000011111111010110101011110010110101111111111111100010111111111111110011110101111010011011110110111111010111010111010011111111110110
1101101110111011110111111111101111111010101101110111011100100111001111111110101011111101111011111111001111001110010111111110011011111101011100111011111111111010110111101111110111111101001011111001111111111011101011101101101011111111011011111111111000011111
0101110110110101011010010111111111101101010111011110111111101110101111001111111111111011001111011111110111111111111101111111011111111111101110111111110111111011111111011111101100011110111110001011110111110111111111111000111111000101101111011000111111011111
1111111110110111111111111111101111011111111111111101111110011001111111111111111100111101111101111111111101111101111001110111110101001101011111111111011111001100111101011111000011101011011001010100100001101111111111011111110110111001011101111111101111110111
1111110111111011010101111111000100010011111111111111111111110111111111011101110111011101011011100101011101101110110110111111010111101111101011110111101111111111111001110111111111111111111011101111011100011011011110111011110111111110101011111101000111011101
0011111111110101110101011001011110100110111110111111101111101011110111110111011111110111001111111001101111101011111101011111011101000011111111011111111111001110100111110010101100100110100110001111010100010100111111111111111011001001101011001011111001011111
0111111110100010110111011111100111111111010111111111111111111111111100110011110110111111100111111110101100011111111010111111110011011111011100101111101111101111111111111111111111011110011011110011111101101101011100101101011111011111110011011111111100101010
0011011111101001101111101110111010101101111011100101111111001111111111101111100100001110001111000011101111101011100100010010010000101001011010111101100110010100011011001110101001010010000101110010111010010100011000101100000000101000010101000000001100110000
