0001000000000001001100000000000000000100000000000000000000000000001000000000000000000100000000000000000000000000000001001000000000000000000000000001001000010000000100000000000000000000000000000000000000000000000000000000000000000000000000000000000000000000
0000000000010000000000000000000000000000000000000000000000100000000000000000000000000000000000000000000000000000000000000000000000000000000000000000000000000000000000001010000000000000000000000000000000000000000000000000000000000000000000000000000000000000
0000000000100001000000000000000000001000000100000000000000001000000000000000000000001000000010000000000000010000001000000000000000000000000000000001000010000000100000000000100001000100100100000000000000010000000001001000000001000000000010100000000001000000
0000000000001000000000000100000000000000000000100000000000000000000000000000000000000000000000000000000000000000000000000000000000001000000000000000000100100110000010100000000000000010010000000000000000010000000000000000100000001000000000000000001000000011
0000000000000000000000001000000000000000000000100000000000000000000000001001000000000010000000000000000000000100000000001000000000000000000000000000000000000000000000000010000000000000000000000000000000000001000000000000000000000000000000011000000000000000
0100010000100000000000000000000100000000000000000000000000100001000000000000000000000000000100000000000000000000000000000000000000000000000001000000100000000000000000000000000000000000000000000000000000000000000000001000000000000000000000000001000000000000
0000000000000000000000000000000000000000000000000000000000001000000000000000000000000000000000000000000000000000000000000000000000000000000000000000000000000000000000000000000000000000000000000000000000000100000000000000000000000000000000000000000000000000
0000000000000000000000000000000000000000000000000000000000000000000000000000000000000000000000000000000000000000000000000000000000000000000000000000000000000000000000000000000000000000000000000000000000000000000000000000000000000000000000000000000000000000
0000010000000000000000001000000010000001000000000000000000001001010011000000100010000100000000000000010000010000010000000000100000000000010000000000100000000000000000000000010000001100000000000000010000000000000001000000000000000010011000000000001000000000
0000000000000000000000000000000010000010100000100001110000000000000001000000000000001000000100100000000000101000000000000000000000011001010000001000000001100100000010000000000010000001010000011010000000000010010000000000000000000000001000000000000000000000
0010000100001000001010001110010001100000000010010000010000000000000011110110010000000001100001000001010000000100000000000100000000011001110001011100101100110100100000000101000000010110101001000000001000000000000000000000000000010000100000001000001000101000
0010010000001000001111000110001000000000000000010000000000000000000000000000000000000000001000010100000000000000000001001001100001000000000000000100000000000010000000000101010000000001000010100000010110001000010100000000100110100001010000101010001000100000
0000000000000000000000000000000100000000000000000000000000000000000000000000000000000000000000000000000000000000000100000000000000000000000000000000000000000000000000000000000000000000000000000000000000000000000000000000000000000000000000000000000000000000
0000000000000000000000000000000000000010000000000000000000000001000000000000000000000000000000000000000000000000000000000000000000000000000000010000000000000000000000000000000000000000000000100000000000000000000000000000000000000000000000000000000000000000
0000000000000000000000000000000000000000000000000000000000000000000000000000000000000000000000000000000000000000000000000000000000000000000000000000010000000000000000000000000000000010000000000000000000000001000000000000000000000000000000000000000000000000
0000000000000000000000000000000000000000000000000000000000000000000000000000000000000000010001000000100000000000000000000000000000000000000000000000000000000000000000000000000000000000000000000000010000000000000000000000000100000000000010000000000000000000
0000001100000100010100001111011000100000010000010000000000000000010000000000001010000000000000000000000000000000000000100000000000000000000000000000000000000100000001000001001000000000000000010010000000000000000000000000100010100000000000000001000000000000
0000000000000000000000000000000000000000010000000000000000000000000000000000000000000000001000000000000000000000010000000000000000000000000000000000000000000000000000000000000000000000000000000000000000000000000100000000000100000000000000000000000000100000
0000000000000000000000000000000000000000000000000000000000000000000000000000000000000000000000000000000000000000000000000000000000000000000000000000000000000000000000000000000000000000000000000000000000000000000000000000000000000000000000000000000000000000
1000010000001000010100000000100000000001100100110001010000000001100010000000100000100001000000000000010000000000000110000010000001000010001001000000000011000100000000000000101100010010000111000000001000100001010010100000001110000000001000001001000000100010
0000000000000000000000000000000000000000000000000000000000000000000000000000000000000000000000000000000000000000000000000000000000000000000000000000000000000000000000000000000000000000000000000000000000000000000000000000000000000000000000000000000000000000
0001000001000000000000000000000000000000000000000000000000000000000000000000000001000000000000000000000000000000000000000000000000000000000000000000000000000000000000000000000000000000000000000000000000000000000000000000000000000000000000000000000000000000
0000000000000000001010000000000000000001000000000000000000000000000000000000000000000000000000000000000000000100000000000000000100000000000000001000000000000000001000000000001000000000010000000000000000000000000000000000000000000000000000000000000000000000
0000000000000000011111100000000000000000000000000000000000000000000000000000000000000000000000000000000001000000000000000000000000000000000000000000000000000000000000000000000000000000000000000000000000000000000000000000000000000000000000000000000000000000
0000000000000000000000000000000000000000000000000000000000000000000000000000000000000000000000000000000000000000000000000000000000001000000000000000100000000000000000000000000000000000000000010010000000000000000000000000000000100000000000000000000000000000
0000000000000000000000000000000100000000000000000000000000000000000000000000000000000000000000000000000000000000000000000000000000000000000000001000000000000000000000000000000000000000000000000000000000000000000000000000000000000000000000000000000000000000
0000000000000000000000010000000000000000000000000000000000000000000000100000000000000000000000000000000000000000000000000000000000000000000000000000000000000000000000000000000000000100000000000000000000000000000000000000000000000000000000000000000000000100
1000000000000000000000000000000000000000000000000000000000000000000000000000000000000000000000000000010000100000000000000000000000000000000000000000000000000000000000000000000010000000000000000000000000000000000000000000000000000000000000000000000000000000
0000000000010001000000100100010001010101000000000100000000001110000000110010000000101100100100000000010000000000100000001000001010000010000000000000011000011101000010000000100010001001000000000100101001001000010010001000000011000010000000000000100000010001
0010001000000001000000011000000000110001000000001010011000101000011000000000010000000010001001100000100000000101100010011000100000010001000000000000000000000000000010011000001100001001010010111000000000010000000001100000100000000100000001000000000000010000
0001010011000010001010010101101000000100001000000001000000000001000100000000000000000111010010000000000110000110000010001000001000100100010001000001000001000000001011001010010000000000010000100111010011000000000100000000000000001000100001001000000000000110
0010010101000000010000000000000000000000100000000000000000000000100010000000100000100000000001000100000001000010000000100000000000001000100000000000000010110000000100100011010010010000001000000100000011000001000000001101000100001000000000000100000010000001
0000000000000000000000000000000000000000000000000000000000000000000000000000000000000000000000000000000000000000000000000000000000000000000000000000000000000000000000000000000000000000000000000000000000000000000000000000000000000000000000000000000000000000
0100000001000000000010010000000000101100000000000000101000001000000000100001000000001010000000001100000001001101010000000010000001000000000000000000000000000001000000000000100010001100000000000000000000000000000000000000000000000000000001000010000000000100
0000000000000000000000000000000000000000000000000000000000000000000000000000000000000000000000000000000000000000000000000000000000000000000000000000000000001000000000000000000000000000000000000000000000000000000000000000000000000000000000000000000000000000
0000000000000000000000000000000000000000000000000000000000000000000000000000000000000000000000000000000000000000000000000000000000000000000000000000000000000000000000000000000000000000000000000000000000000000000000000000000000000000000000000000000000000000
0000000000000000000000000000000000000000000000000000000000000000000000000000000000000000000000000000000000000000000000000000000000000000000000000000000000000000000000000000000000000000000000000000000000000000000000000000000000000000000000000000000000000000
0000000000000000000000000000000000000000000000000000000000000000000000000000000000000000000000000000000000000000000000000000000000000000000000000000000000000000000000000000000000000000000000000000000000000000000000000000000000000000000000000000000000000000
0000000000000000000000000000000000000000000000000000000000000000000000000000000000000000000000000000000000000000000000000000000000000000000000000000000000000000000000000000000000000000000000000000000000000000000000000000000000000000000000000000000000000000
0000000000000000000000000000000000000000000000000000000000000000000000000000000000000000000000000000000000000000000000000000000000000000000000000000000000000000000000000000000000000000000000000000000000000000000000000000000000000000000000000000000000000000
0000001000000000000000000000000000000000000000000000000000000000000000000000010000000000000000000000000100001000000000000000000001100000000000000000000000100000000000000101000000000000000000000000000011000000000101000000000010000000000000100000000000000000
1010000000001110000000001001000010000000100101001010010000001000001100010001011110000001000011001010100101100000001000101000110011010101001101000000000100100010111000010000100100011000000001001000111100000000001011000100101011000001000010101001000000110100
0000000001101100010110000000000111000101000000100001001100001000100000011100101011000000000010100100101000101010110010000000001100110000000100000000000000010100101010110010001010000001001001000000010010100001011001000010000000000000001010100000100000110000
0011000000100011010110000000000000110101000100000110101101000100010100011100000100000110000000000000000011100100001110100000010000101100010000000100001101000100000110001000110001011100000000100000001000000010011100001000001001001000000110100001000100110001
1000001000000000001010010000000010001010000000000000100110000000000011000101000000010000000100000001000000010000000000000000001001000000001000000000000010110000100100001000010000000000000001100000001100000110010000001000001000100010000100000010100000010000
0000100100010010000000000001000110010000100000000101000011000110011000010010000000000010101010001000000000010000001010001000010000001100011000000000010001000000001000001100000000110000111000001001010001011000001000011111101011001000010011100000100000110010
0000000000000000000000000000000000000000000000000000000000000000000000000000000000000000000000000000000000000000000000000000000000000000000000000000000000000000000000000000000000000000000000000000000000000000000000000000000000000000000000000000000000000000
0000000000000000000000000000000000000000000000000000000000000000000000000000000000000000000000000000000000000000000000000000000000000000000000000000000000000000000000000000000000000000000000000000000000000000000000000000000000000000000000000000000000000000
0101001110000111000000111100001000010000001100000010001000010010000010100000101001001001000000000001111000100100011000000001000001100100000100001000000010000000001000000010011000100000001001000001000001100000000000000101000100000100000000000110111101100001
0000000000000000000000000000000000000000000000000000000000000000000000000000000000000000000000000000000000000000000000000000000000000000000000000000000000000000000000000000000000000000000000000000000000000000000000000000000000000000000000000000000000000000
0000000000000000000000000000000000000000000000000000000000000000000000000000000000000000000000000000000000000000000000000000000000000000000000000000000000000000000000000000000000000000000000000000000000000000000000000000000000000000000000000000000000000000
0000000000000000000000000000000000000000000000000000000000000000000000000000000000000000000000000000000000000000000000000000000000000000000000000000000000000000000000000000000000000000000000000000000000000000000000000000000000000000000000000000000000000000
0001001000010100100010000110100000000010000001001100000110100010000000001000001001001010000000000000010000001010100000000000100000000000010100100000000000101000110000010000000000000000001000001001110000000001001001000000000000011010010010011000000000011001
0010001100000101001101100000000000001010110010100000000010100001100000100110000000000000000101100011000000000000000000011000100000000100101100000000010000000000000001000001000000000100000001010000010010001001000010000000000000010100000000011000100000001001
0000000000000000000000000000000000000000000000000000000000000000000000000000000000000000000000000000000000000000000000000000000000000000000000000000000000000000000000000000000000000000000000000000000000000000000000000000000000000000000000000000000000000000
0000000000000000000000000000000000000000000000000000000000000000000000000000000000000000000000000000000000000000000000000000000000000000000000000000000000000000000000000000000000000000000000000000000000000000000000000000000000000000000000000000000000000000
0000000000000000000000000000000000000000000000000000000000000000000000000000000000000000000000000000000000000000000000000000000000000000000000000000000000000000000000000000000000000000000000000000000000000000000000000000000000000000000000000000000000000000
0000000000000000000000000000000000000000000000000000000000000000000000000000000000000000000000000000000000000000000000000000000000000000000000000000000000000000000000000000000000000000000000000000000000000000000000000000000000000000000000000000000000000000
0000000000000000000000000000000000000000000000000000000000000000000000000000000000000000000000000000000000000000000000000000000000000000000000000000000000000000000000000000000000000000000000000000000000000000000000000000000000000000000000000000000000000000
0000000000000000000000000000000000000000000000000000000000000000000000000000000000000000000000000000000000000000000000000000000000000000000000000000000000000000000000000000000000000000000000000000000000000000000000000000000000000000000000000000000000000000
0000000000000000000000000000000000000000000000000000010000000000000000000000000000000000000000000000000000000000000000000000000000000000000001000000000000000000000000000000000000000000000000000000000000000000000000000000000000000000000000000000000000000000
1001000000000000000000000000000000000000000000000000000000000000000000000000000000000000000000000000000000000000000000000000000000000000100000100100000000000000000000000001000000000000000001000000000000000000010000000000000000000000000000000100100000000000
0000000000000000000000000000000000000000000000000000000000000000000000000000000000000000000000000000000000000000000000000000000000000000000000000000000000000000000000000000000000000000000000000000000000000000000000000000000000000000000000000000000000000000
0000010010000010010101000000000000001000100000000001001100011000000000100100000001001001100011100011010100010010000000001010000010100001001100000000000000110001010000000010000101000000100001000001001110100000100100010010010101010101011110000110001010001011
0000000000001000000000010000000000000000000000000000000000000000000000000000000000000000000000000000100000000000000000000000000000000000000000000000000000000000011000000000000000001000000000000010000000000000000000010000000000000001010000010000000000000000
0010010001001110100000000000000000000000000000011000100100100000000000000000010001000000001011010000010001000001010010000000000100000010000000011000110010100011000000010000000000101000000100101000000010010010000100010101110001000010110111010000000110010001
0001101110001001101000110000000111100100101001010000011110100001001010101101000110000000000111001110001001110000011010001100000010010011100001111011100010100000111110100101110100110000011110001000011010000000101011000101001001000101010010010011010010000100
0000000000000000000000000000000000000000000000001000000000000000000001000000000000000000000100000000000000000000000000000000000000000000000000000000000001000100000000000100000010001000000000000000000000000000000100000000000000000000000000000000000100000000
1101000010100000101010111001010100011100011110001110000011100000001010101100111010100000011101111001000011011000011101010001001101001011001000011010111110000001110001111000000011110100100000000101100000001011000101010110011001011000010010110100000101001110
0100000100010111100010001101101001010101000001011111000111001010110110110010001010000010010000110101010101000000110010100001010101100100010000010100100011100010001010001001001000000000110000001001000001000000101011001000000000100000000010100010000001001001
0001010000000000001010101001000001100100000000000001000000000010010001001101001000101000010010000100100001000010110100000011100110001000001000101000000101011100101000000100100010100011000000101001001000110000000010100000000010010000011100100110000000100100
0000000101010000000000001111001000010010101110010100110111000000001101000001000010000010001000010011010000000001100011100000001101011010000001110000111001000001010000110001101000001100000010010010001100001111000100110000011000101100000000100001000101001000
0000000000000000000100000000000000000000000000000000000000000000000000001000000000000000000000000000000000011000000000000000010000000000000000000000000000000000000000000000000000000000000000000000000000000000000000000000000010000000000000000000000000000000
0000000000000000000000000000000000000000000100000000000000000000000000000000000000000000000000000000000000000000000000000000000001000000010000000000000000000000001000000000000000000000000000000001000000000000000010000001000000000000000000000100000000000000
0000011001000000000000000000000000101100001000001011000100100000000100000000000000000001010000000001000000000001001000000010000000000000100000001000000000000010001000000000100100000000000010000000000000110011001110000000010100000000001000001100000000000000
0000010000000000000000011100100000000100001100000110000000010100100000011100011000000001000001110000010000001000000101001000000000000010000000000000010010000000100000000000000010010010110000100000000000001000000100000001100000000010100001011000001100011001
0000000000000000000000000000000000000000000000000000000000000000000000000000000000000000000000000000000000000000000000000000000000000000000000000000000000000000000000000000000000000000000000000000000000000000000000000000000000000000000000000000000000000000
0000000000000000000000000000000000000000000000000000000000000000000000000000000000000000000000000000000000000000000000000000000000000000000000000000000000000000000000000000000000000000000000000000000000000000000000000000000000000000000000000000000000000000
0000000000000000000000000000000000000000000000000000000000000000000000000000000000000000000000000000000000000000000000000000000000000000000000000000000000000000000000000000000000000000000000000000000000000000000000000000000000000000000000000000000000000000
0000110001110010000000000011000001000100100100100001000101000010001010000110001011100001100000000100000000000010010000100100000001000010000000100000100000011011010000010000000000000000000000100010000000000100100100001000000000000000010000000010010100000010
0000000000000000000000000000000000000000000000000000000000000000000000000000000000000000000000000000000000000000000000000000000000000000000000000000000000000000000000000000000000000000000000000000000000000000000000000000000000000000000000000000000000000000
0000000000000100000000000000000000000000000000000000000000000000000000000000000000000000000000000000000000000000000000000000000000000000000000000000000000000000000000000000000000000000000000000000000000000000000000000000000000000000000000000000000000000000
0000000000000000000000000000000100000000000000000000000010000000000000000000000000000011000100000000000001000000000000100000000010000000000000000010000000000000010000000100000100001000000000000000000000000000000100000001000000000000000000000011000000000000
0000000000000000000000000000000000000000000000000000000000000000000000000000000000000000000000000000000000000000000000000000000000000000000001000000000000000000000000000000000000000000000000000000000000000000000000000000000000000000000000000000000000000000
0000100000000000001000001001000000000001010000110000000000000001000000000010000000000000000011000010000000000000100000001001001000000000000000010000000000000000001100000000000000010100000000000000000100000000010000010000000010001000001010000000010000000000
0001001100001100010101000100010000000000000000000000011110000010000010100010101000100000000100000000000100000000000000001000010000000000000100001000001010000000000000000000000000001000000001000000000111100001000000000000000101011000000000000000001000000000
0000000000000000010100000100000000000000000000000000000000000000010000000000001000000100001000111000000000011000010000000000010010010000001010000000000010000000001000000001000010000101010000010001011000000000001100000000100000010100000110100000000000000000
0000011100000111000000100010001100000000100100000000010000000010011000000010100000000000100000000101000010000000100000000000000011000000001000010001100000000000000000000000000000000100000000000000000000000000010000010101000000111000000001000000000000000000
0000000000000100000010000001011000000000111000000000000100000010000000000000100101001101000000010000000010100100100000101110000000100000000010000000001000000100101000100000001000010000000000110100110000000100010000000001010000010000111100110000000010000100
0001000000000000100100000100000000000100001000111100010000000100000010000000000001000000000100000011100000000010100100000000000000000000010000000000000000000100100000000101000000000100100010001000000000000000000001110100010000000010001000110000000000000000
0000000000110000011110000000001000000000000010000000001000010010100000001100100100000000001100010000000001011000000100001001000110010000000000000000000000010000000000000000000000000100100000010011000010100000110000001000000000100000000001000111000000000000
0001100011000000010010010010001000100001000000000001101010000000000000000000000000000000000010000100010010001100000000001000010001000001000000010001010000000100000000000001100001100000000000100000001000000100000000110000011010000000000000010000000010011000
0100000000000000000000000000000000000000000000000000000000000000000000000000000000000000000000000000000000000000000000000000000000000000000000000000000000000000000000000000000000000000000000000000000000000000000000000000000000000000000000000000000000000000
0000000000000000000000000000000000000000000000000000000000000000000000000000000000000000000000000000000000000000000000000000000000000000000000000000000000000000000000000000000000000000000000000000000000000000000000000000000000000000000000000000000000000000
0000000000000000000000000000000000000000000000000000000000000000000000000000000000000000000000000000000000000000000000000000000000000000000000000000000000000000000000000000000000000000000000000000000000000000000000000000000000000000000000000000000000000000
0100100011000000001011000000000100000000000001000000001000000000000100100000000000000010000000000000000100000000000000100000000000000000000000000000000000000000000000000000000000000000000000000000000000000000000000000000000000000000000000000000000000000000
0000000000001000000000000000001000000000000000000000000000000000000000000000000000000100000000000000000001000000010000000000001000000000000000000000100000000000000000000000000000000000000000000000000000000000000000000000000000000000000000000000000000000000
0000000000000000000100000000000000000000000000000000000000000000000000000000000000000000000001000100000000000000000000000000000000000000000000000000000000000000000000000000000100000000000001000000000000010001000000000000000000100000000000000000000010000000
0000000000000000000000000000000000000000000000000000000000000000000000000000000000000000000000000000010000000000000000000000001000000000000000100000000000100000000000000000000000000000000000000000000000000000000000000000000000000000100000000000000000000000
0000000001000000000000000000000000100000000000000000110000000001000000000000000000000000100000000000010000000000000000000000000000000000000000000000000000001000100000000010000000000000000000000000000000000000000000000000000000000000000000000000000000000000
0000101001100000100100010100010100000001000001000000001001101000000100000010001000010010000000000011001001001100000000001010100000000100010000000001010000101000010000000000000100100000100000110011000000000001001100100010000000000110000000100010000000001000
0000000010000001100000000000000010000001000100000010001000100000000010100000111001100000000000000000000000100011000000000000000000000111000001000000001100100100000000010100100000000001011000001000011001110100100000100000010001000000011000010000000011010000
0100000100100001000000010001000000000100000000011000000100110000000000000000000000000000010000000001000000000010000011000000100000000100000000001100001000000000010000100010001000000100010000010000000000100000000010000010110010000101000001010001000000000001
0100000010000100010000010000000001010000000000000000000000010000000110001000100101110010100100101010000110101101000000000000010101100010000001000001000000010000100010000100100110000000000000110000000001001100000010001000101000010011000110000100001000001010
0010111010100000100000000010001000000101100010010000000000000000000000000000000101100000000001000000010000000000001100000011100000100010011000100000001000110010001110110000000010100000010010000000000001000010001000000000011000000010011001000000000001000100
0000000000101000010000001011000000001100010000000100000010000000010000001000011001100000001110010000000010000001000010000000010000100001000000001000000010000000000001010011000000111011000100001000100000010100000000000011000000000100000110000000000100000100
1000000010010000001000000010111110110000011000000110100000000100000000001101101000000100001010010010101000000001011011010000101000100001000001110010000000001001000010000100001100000000001100110110100100011100000000010101000101000100000001000001010000000100
0000110010000000000000000000100001000000000010100000000000000000001000010001001010001010110000101010101000000100000001010000000000110010010000011000000011000010010000000000000010010001000000101000101001001011000000011000101100100100000000010000101001000000
0000100000000000010000000000100001000000001000000001001000000000000100110110101000000000001000000000100011011011000000000000000000100010111001000000010000110111001000000100010010000000000010101010000011010000000001100000100000100010010101010000000000000000
1000000010100000000000000000000000000000000000100010010000110000100000001000110001101101111001010000000110000110000000101011001010000100000011000110100010000001000000110000000001000000000000110001001001000000101000000000000001000000011001010101000100100001
0001000000000000000000001000000000100000001100001000000000000010000010000100000100000010000000100100110000100000100010100001000010000000010000001100000110110010000010000000000111001100000110110000010011100000110111000001101110000100100010000000000100000010
0100010001000000000011010001000001000100000011000100000100010000001000000000000001000010000001000001000000100110000000000100001000100001100000001000100011010001000000000000110101100110010001010011000000000110000100000100000101000100100110001011110001000000
0000000000000000000000000000000000000000000000000000000000000000000000000000000000000000000000000000000000000000000000000000000000000110000000001010001001000101000000000010000000011000000000100001001010000010000100010001000000001011011000001001100110100100
0000000000000000000000000000000000000000000000000000000000000000000000000000000000000000000000000000000000000000000000000000000000100000000000000000000000000000000000000000000000000000000000000000000000000000000000000000000000000100000000000000000000000000
0000000000000000000000000000000000000000000000000000000000000000000000000000000000000000000000000000000000000000000000000000000000000000000000000000000000000000000000000000000000000000000000000000000000000000000000000000000000000000000000000000000000000000
0000000000000000000000000000000000000000000000000000000000000000000000000000000000000000000000000000000000000000000000000000000000000000000000000000000000000000000000000000000000000000000000000000000000000000000000000000000000000000000000000000000000000000
0000000000000000000000000000000000000000000000000000000000000000000000000000000000000000000000000000000000000000000000000000000000000000000000000000000000000000000000000000000000000000000000000000000000000000000000000000000000000000000000000000000000000000
0000000000000000000000000000000000000000000000000000000000000000000000000000000000000000000000000000000000000000000000000000000000000000000000000000000000000000000000000000000000000000000000000000000000000000000000000000000000000000000000000000000000000000
0000000000000000000000000000000000000001000000000000000000000000000000000000000000000000000000000000000000000000000000000000000000000000000000000000000000000000000000000000000000000000000000000000000000000000000000000000000000000000000000000000000000000000
0000000000000000000000000000000000000000000000000000000000000000000000000000000000000000000000000000000000000000000000000000000000000000000000000000000000000000000000000000000000000000000000000000000000000000000000000000000000000000000000000000000000000000
0000000000000000000000000000000000000000000000000000000000000000000000000000000000000000000000000000000000000000000000000000000000000000000000000000000000000000000000000000000000000000000000000000000000000000000000000000000000000000000000000000000000000000
0000000000000000000000000000000000000000000000000000000000000000000000000000000000000000000000000000000000000000000000000000000000000000000000000000000000000000000000000000000000000000000000000000000000000000000000000000000000000000000000000000000000000000
0000000000000000000000000000000000000000000000000000000000000000000000000000000000000000000000000000000000000000000000000000000000000000000000000000000000000000000000000000000000000000000000000000000000000000000000000000000000000000000000000000000000000000
0000000000000000000000000000000000000000000000000000000000000000000000000000000000000000000000000000000000000000000000000000000000000000000000000000000000000000000000000000000000000000000000000000000000000000000000000000000000000000000000000000000000000000
0001000100100000000000000000100000001101000000110001000000000000011000001001101000001100000000000000010100100011001100010000000001000100000000000010010000000010000110001000000000000010000000000010001000000100000000000100001001000000000000001000000000000000
0000000001010110000000000010001001010000001110000000000001000101100011100100001000000000000001000100001000000110000000000100000100101000000010000011100010010000000000100010001000000000000100110000100000000000111101011001000000100000101000001000000000000010
0001000100000001000010000000000001000100001000001000010010001000100100001000001100111000100100010000000001000000000100001001001010101100000101000001000010010000000000000000010101000000001100000001100101000000000010000000000101001000000000000000000000100001
0100010000000000000100001001001000010010000000010000000000000010001000000100010000000100100000001001000000000111001000000001000011000000011000000001000000000110000010010100000000010000000000001000100100101001010100000101001011100100110000110001011000110000
0000100000000001010000000000000000100000001000000010101000000000010000000000000000000000000000000000000000000001000000001000010000000000000000000000100001011100101101001000000000000000000000001000100100000000101000000001000000000010000000000010000000000000
0000000000100000010000000000000000000000000010000000100000000100101110000010000000100000000100000000000000000000000000000001000001100101000011000010000101000000110010100100010000100001011000000000000001000000000101000000000000000100000000000000000001000000
0010000000000000000000101010010100100110000000100000000000000001000010100001000000110000000000100000100000011000000000000001000000000000000000100000000000000000000000101000000000000000000001000000000001001000001000010100000000100000000000010100000000000000
0000101001000000000100000001000000000000100000100000000000000100010000000010001010000011011000100000000000100000000000000010000000000010000000000000000000000000000000000000001000000000000000010000001000100011100100000001000100000000000000000001010000000000
0000000000100100000001000010000000011000100000100010100001001000000000000011000010000001001000000011011010100010000000000000000000010000001010100000000000110100000000000000000001000000010000000100000000000000101001000000000110000000000011100010110010100000
0100001000000000000000110000000001101000000000010000000000100000000000010000100000000000100000000000000000010000000000001100010000000100000100011000000010000000000000000000100010001000010000010000100000000000000000000000110001000100001101100001000000100000
0000100100010000010100001000010000100000010000010010000000001110000011000000000100000000000000000001001000000000000000000010000000010000000000010011000000100001000000000000000001000000010001001000000000000010010000000001100010100000100000000000000000000000
0001000000000000100100001100100010011010010001101100001000000010010001010000000000000010000101000100000000010000000011000010010000000000000000000001001000000001000001000000000011100000010000011001000000101111000010101111010000000001000000000000100001000000
0000110110010000010001010010000110101010000001001000100011001010000000100010000000010110000000110000010101011010000100000110000100100000100101100010011001110000101000110000001000100100000101100010010101000010100000000000000000000000010000110010000000000011
0000000111000000000000001111000001100001000011100001100010010010100010011000000000001100100001011000001100000010000000000010000000000100000000000011101011000000000000101000000010000000010000001000000000010000010000110000000000000100000000000001000000000110
0100001100011000100000100001000010010010000000000000000010001011010000000000101001000011100000100100100011001010010000010000000001100011000000001100000011001010010011000010110011000000000010010001010010100001010100100001000000001000100010110000101000000000
0100000010000110010000000000010000000100000110000000000000010001001000001010100111101010101000010000001000000110011000110100000011000010000000000100100000000000000110000000101000000010100000000100101000010010000000000000000000010010000000000101100000000000
0000000000000000000000000000000000000000000000000000000000000000000000000000000000000000000000000000000000000000000000000000000000000000000000000000000000000000000000000000000000000000000000000000000000000000000000000000000000000000000000000000000000000000
0000000000000000000000000000000000000000000000000000000000000000000000000000000000000000000000000000000000000000000000000000000000000000000000000000000000000000000000000000000000000000000000000000000000000000000000000000000000000000000000000000000000000000
0000000000000000000000000000000000000000000000000000000000000000000000000000000000000000000000000000000000000000000000000000000000000000000000000000000000000000000000000000000000000000000000000000000000000000000000000000000000000000000000000000000000000000
0000000000000000000000000000000000000000000000000000000000000000000000000000000000000000000000000000000000000000000000000000000000000000000000000000000000000000000000000000000000000000000000000000000000000000000000000000000000000000000000000000000000000000
0000000000000000000000000000000000000000000000000000000000000000000000000000000000000000000000000000000000000000000000000000000000001010110100000110010000000100000000100000000000001000100110001000100010000000000000010000000010000110000000000011111000000000
0110011101111111011000111110101110011011110111100110011110101101101001010010001110001101111111101010001111010100101101001111011001101111100000110101110010111100101101101110011010111011001100010001000111110010101101000101110111101010011000110100111011110001
0000000000000000000000000000000000000000000000000000000000000000000000000000000000000000000000000000000000000000000000000000000000000000000000000000000000000000000000000000000000000000000000000000000000000000000000000000000000000000000000000000000000000000
0000000000000000000000000000000000000000000000000000000000000000000000000000000000000000000000000000000000000000000000000000000000000000000000000000000000000000000000000000000000000000000000000000000000000000000000000000000000000000000000000000000000000000
0111110000011000000010000000100000001000100000001000100010000000010001000001100000001000000001000000000001000000000001000000000000100000110001000000100000010100000000000000100000000000001010000001100000000000000000000101010000001000000000000001100001100000
0010000100000000001000000000001000000000000000010000000001000000000000001000010000000000100000000000100000100000000000100000000010010000100010000000000000000000100000000000000011011001100010000000000001100011001000001000001000000000110000010000000000000000
0001000000010000000000100000000000000001100011000100010000010000000100100001000000000001000001000000001000000000000000000000000010100010000000100000000000011100000100100000000000000000000000000010000000000001000010000000000000000000000100000000000100100000
0000000100000101000000000000000000000000010110010001000000000000000000001001000000100000001000000010010000000000000000000000010001000000010000011000010000000100000000000000000000001000100000000000001100000000011010000000110000010000010000000100000001000101
0000010100000001000000000001110010000000000000110000000000100111010100000010001100000000000010110000000000000100000000000100010010000000000010000010000001100010000000100000101101011010001000010100010101001000000000011110000000000000000001000001000000000000
0000000001000010100000000001110100000000000011001010010010000010000000000000000000000000000000000100000000000000100100000000000011000000001101000000000000001000000000000000000000000000001000000000000001000001000100100000000110000000000110000010000000100000
0000000000000000000000011100000000000000100011000000000000100000000000001000000000000000000001011000000000010000000000000000000000000000000000000000000001110100011001000000000000000000100000000011001000100000000000000000000000000000000000000000000100000000
0000001001000000000001000000000000000000000000010100000100000000100000000000000000000000000000010000000010000100000000000000010000000001000000000000001000010000000000001000000000000000000000000000000000000010000000010000000100000000000001000100000000000000
0100000000100000000000000000000001000000100010000000100000000000000000100000100000000000001010000000000000000000000100010000000000000000000000000000000000000000000000010000000000000001100010001001000001000000000000000000000000000000000000000000000000000000
0000000000000000000000000000000000001000000000000000000000000000000000000010000000000000000000000000000000000000000000000000000000000000000000000000000000000100000000000000000000000000000000000000000000000000000000000000000000000000000000000000000000000000
0000000000000000000000010000000000000000000000000000100000000000010000110000000000010000010000000000100000100000000000000000000000000000000000000000000000000000000000000000000000000000000000000000000000000000000000000000000000000000000000000000000000001000
0000000000000000000000000000000000000000000100000000000000000000000000010000000000000000000000000000010000000000000000000000000000000000000000000000000000000000000000000000000000000000000000000000000000000000000000000000010000000000000000000000000000000000
0010010010000101001000100111001100000010000101111000010000001010110011000100010000000010001000000100001000000000010000000000000000010001110010000001010000011000001000101010000110011001000110001100110000000100000001000010110000010000101100110000000010000111
0000000010000000000000000001000000000010010000000000000000100000000000100000011010100010000000000001100001000001100000000100000000000010000001000010000100000000000001000100000000000010000000000010000000000000000000000000000001000010000000000100000000100000
0010101001101001001101011000000001000100100000000101010001100000100010100010110000011000100000100001000010000000000000010001000000010000001100000000100100100000010001010000000000000001000100100000100000010101000011000010001100101010000000100010000101000000
0000001000000000000000000000000000000000000000000000000000000000000000000000000000000000000000000000000000000000000001000000000000000000000000000000000000000000000000000000000000000000000000000000000000000000000000000000000000000000001000100000000000000000
0000000000000000000000000000010000000000000000000010000000000011000000000000000000000010000000100000000000000000000000000100000000000000001000000000000000000000000000000000000000000000000000000000000000000000000000000000000000100000000000010000000001000000
0000000000000000000000000000000000000000000000000000000000000000000000000000000000000000000000000000000000000000000000000000000000000000000000000000000000000000000000000000000000000000000000000000000000000000000000000000000000000000000000000000000000000000
0000000010100000000001110000000000100001000000000000000100000000000001000000001001001000000010000000000100000110000001010000000000000000000000000011010000000000000000000000000000000100000000100000000000000100000100000000001000000001000010001000000000010010
1000000100010010100001000000000000100000100000100000000010000000000001000000001110000010010110001010000001100000010000000010000001010110001000100001000010100000000100000010001001100000010000001000000110010000000000000010011000000000100000100011010000000000
0000000000000000010100000000000000000000000000000000001000000000000000000000000000010000000000000000000000000000000000000010000000000000000000000000000010000000000000000000000000000000000000000000000000000100010100000000000000000000000000000001000000000000
0000000000000000000000000000000010000001000000000100000000000000000010000000000000000000000000000000000000000000000000000000001000000000000000000000000000000000000000000000000100000000000110000000010000000100001000000000000000001100000000000000000000000000
0000000000000000000000000000000000000000000000000000000000000000000000000000000000000000000000000000000000000000000000000000000000000000000000000000000000000000000000000000000000000000000000000000000000000000000000000000000000000000000000000000000000000000
0000000000100000000000000000000000001000000000000000000000000000000000000000000000000000001000000000000100000000000100000000000000010000000000000000000000000000000000100000000000000000000000000000000000000000000001010000000000000000000000000000000000000000
0000000000000000000000000000000000000000000000000000000000000000000000000000000000000000000000000000000000000000000000000000000000000000000000000000000000000000100000000010001000001000000000000000000001000000000000000000000000000000000100000000000100000000
1000000011100000001000100000001010000000000100000000000000000010000000000000000000000001100000100000001000010000001000000000000001000000000011000000000001100000000000000010000000001000000000000000000000000000000000000000101000000000010000000000000000000000
0001000000000000000001001100000000000000000000000000000000000000000001001000000000000000010000000000000100000000000000000000000000001000000000000001000000000000000000100000010100010010000000100000000000000000000000010010000000000100000001000000000100000000
0000000000000000000000000000000000000010100000000000000000000000000000000000001000000000000000000000010000000000010000000000000000000000000000000000000000100000000000000001000000000000000000000000000000000000010000000000001100000000100000000000000000000000
0000000000000000010000000000000010000000000001100000010010010000000000000000000000000000000000100011000101000000001001000000000000011000000000001100000111000000011000000000000000000010000000000000001000011000011010001000000001000011000100000000001010000000
0000000010000000000000000000000000000000000010000000000000000000000000000000000010000000100000000000010000000000000000000000000000010000000000000010000000010000000000000000000000000000000000000000000000000000000000100000000000001000000000000000000000000000
0000010000000000000010000000000000000000000000000000000000000000000000000000000000000000000100000000000000000000000000000000000000100000000000000000010000000000000000000000000000000001000100000000000010000000000000000000000000000000000000001000000000000001
0000000000010000000000000010000100000000000000000100000000001000000000000000001001010110010010010000000000001100010000010000000010010000000000000000001000010100010000010101000010010001100110000000001000010000011010111000001100011001001001000000010000000001
0000000000000000000000000000000000000000000000000000000000000000001000000010000000000000000000000000000000000000000000000000000000000000000000100000000000000000000000000000000000000000010000000000000000000000000000000000000000000000000000000000000000000000
0000000000000000000001000000000000000000000000000000000000000000000100000000000000000000000010000000000000000000000000000000000000000000000000000000000100000000000000000000000000000000000000000000000010000000000000000000000000000000000000000000000000000000
0000000100010000000000000000000000000010001100000000000000000000000000000000010000000000010000000000000000000000100000000000000000101000000000000000000001000000000000000000010000000110000000000000100000000000000000100000000000000000000000000000000010010000
0000000000000000000100000000000000000000000001000000000000001000100000010100000000000000000000000000000000000000000000010000000000000000000000000000000000000001000000000000000000000000100000000000000000000000000000000000100010000000000000000000000000100000
0000000000000000000000000000000000000000000000000000000000000000000000000000000000000000000000000000000000000000000000000000000000000000000000000000000000000000000000000000000000000000000000000000000000000000000000000000000000000000000000000000000000000000
0000100010000010000100000001010000000010100000101001000000000000001101000000001001100000000000110001000000001010001010100000000100000000000000101001000000000001100000001010000000000101000000100001000010000011100000000000000000000100000000000010000000000000
0000000001000000000001000001000000000000000000000000000000000000000000000000000000000000000000000000000000000000000000000000000000000000000000000000000000000000000000001000000000000000000000000000000000000000000000000000000000010000000000000000000000000001
0000000000000000000000000000001000000000000000000000000000000000000000000010000000000000000000000000000000000000000000000000000000000000000000001000000000000000000000000000000000000000000000001000000000000100000000000000000000000000000000100000000000100000
0000000000000000000000000000000000000000000000000000100000000000000000000000000000000000000000000000000000000000000000000000000000000000000000000000000000000000000000000100000000010000000000000000000000000000000000000100000000000000000000000000000000000000
0000000000000100000000000000000000000000000010000000000000000000000000000000000000000000000000000000000000000000000000000000000000000000000000000000000000000000000000000000000000010000000000000000000000000000000000000000000001000000100000000000100000000000
0000000000000000000000100000000000000000000000000000000000000000000000000000000000000000000000000000000000000000000000000000000000000000000000000000000001000000000000000000000000001001000000000000000000000000000000010000000000000000000000000000000000000000
0000000000000000000000000000000000000000000000000010000000000000000000000000000000000000000000000000000000000000000000000000100000000000000000000000000000000100000000000000000000000000000000000000000000000000000000000000000001000000000000100000000000000000
0000000000000000000000000000000000000000000000000000000000000001000000000000100000000000000000000000000000000000100000000000000000000000000000000000000000000000000000000000000000000000000000000010000000000000000000000000000000000000000000001000000000000000
0000000000000000000000000000000000000000000000000000000000000000000000000100000000000000000000000001000000000000000000000000000000000001100000000000100000000000000000000000000000000000000000000000000000000001000000000000000000000000000000000000000000000000
0000000000000000000000000000000000000000000000000000000000000000000000000000000000000000000000000000000000000000000000000000000000000000000000000000000000000000000000000000000000000000000000000000000000000000000000000000000000000000000000000000000000000000
0000000000000000000000000000000000000000000000000000000000000000000000000000000000000000000000000000000000000000000000000000000000000000000000000000000000000000000000000000000000000000000000000000000000000000000000000000000000000000000000000000000000000000
0000000000000000000001100000000000000000000000000000000000001000001000000000000000000000000000000000001000000000010001100000000000000000000000000000000000000100001000000010000000000001000000000000010000000000000000000010000000010000100000000000000000001010
0000000000000101000000000000000100000000000000000000000000100000000100000000000000000000010000000010000000001000000000000000000000001101000100000000000000100000000000000000100000000000001100000000000001000000000000001010000000010000000000100000000110101000
0000010000010000000000000000100000100000000000000000000000000000000000000000000000000000101000000000000000000000000000000001000010000000000100000000000000000000000000000000010000000100000010000000000000000000000000000000000000000000000010000000000010000000
0000000000000000000000001000100000000000001001010000000000000000000001000100000000000010000000100000000000000100100000000000000000000000000000000000100100000000000000001000010000000010000000000000001000100000100000000000000000000000000000100100000100000100
0000000001000000000001000000100000010000000000000000000000000000001000000000000000000000001100000000000000000000000001000110010010000010000000100000000000100000000101000000000000000000000000000000001000010000000000010000000100000000001000000000000000000000
0000100000000010000000001000000000000000000000000000000000000000000000000110010000000000000000010000001000000000000000000000001000000001000000100000000000000010000000010000000000000000000000100000001000011000100000000000010001000001100000100000010100011010
0000000000000000000000000000000000000000000000000000000000000000001000000000000000000100000000000000000000000000000000000000000000100010000000000100100000000000000000000001000000000000000100000000000000000000000000001000000000000001000000000000100000000010
0000000000000000000000000010000000000010000000000000000000000000000000000010000000100000100000000000000100001010000000000000000001000000000000000000100001000000000000100000000000010000000000000000000010000000010000000000100000000000000000000000000000000000
0010000000000000000000000000000000000000000000000000000000000010000000000000000000000000000000000000000000000000000000000000000000010000000000000000000000000000000000000000000000000000000100000000000000000000000000000000000000000000000000000000000000010000
0000000000000000100000000000000000000000000001000000000000000001000000000000000000000000010000000000000000000000000000000000000000000000000000000000000000000000000000000000000000000000000000000000000000000100000000000000000000000000000000000000000000000100
0000000000000000000000000000000000000000000000000000000000000000000000000000000000000000000000000000000000000000000000000000000000000000000000000000000000000000000000000000000000000000000000000000000000000000000000000000000000000000000000000000000000000000
0100001000000000000000000000000001000000010000000000000000000000000000000000000000000000000000000000000000000000000000000000000000000000000000000000000000000000000000000000000000000000000000000000000000000000000000000000000001000000000000000110000101001010
0000010000000000000000001000000010100100000000000000000000000000000000000000000000000000000000010000000000000000000000000000000000000000000000000000000000000000000000100010000000101100000010000000000010000000000000000000000100000000000000000000000000000000
0000010000000000000000000000000000000000000011000000000000000001000000000000000000001000000000000000000000001000000000000001000000000000000000000100000000001000000000000000000000000000100000000000001000000000000000000010000000000000100000000000000000000000
0100100000001000000100000001000111010000000000000000010000000000000001010000000000000100000000000000000000000000010100000000000010100000100001000000000000000001001010000000100000100000000101000000000100100000001010000000000001000000010000000000010000000000
0011100100000000001000000000000000000000000001000000100010100010000000100000100000001001100100100011101000100000000100000010110000001000001001000001110000100100010101100000001000000010001000100000001000010100010000000000100000000101100001000001000010010000
0000000000000000000000000000001000000000000000000000000000000000000000100000000000000000000000000000000000000000000000100000000000000000000000000100000000000000000000000000000000000000000000000000000000000000000000000000000000000000000000000000000000000000
0000000000100000000000000000000000000010000000001000000000000000000000000000000100000000001000000000000000000000000000000000000000100000000000100000000000000000000000000000000000000000000000000000000000000000000000000000000000000000000000000000000000000000
0000010100001000000010000100001000100000000000000000000000001001000100000000000000000000000000000000000000001000000000000000000100000000000010000110000000010000000111000000000000000000000100000000000100000000000000100000000000000000000000000000100000000100
0000000000000000000000000101000000000000010001000000000000010000000000100000000000000000000100100000010011000000000000110000000110000010000000101000011000000000000100100100000000011011100000100000010100000000001101000000000000000000101000110001100001000000
0000000000000000000000000000000000000000000000000000000000000000000000000000000000000000000000000000000000000100000010000000000000000000000000000000000000000000000000000000000000000000000000000000000000000000000000000000000000000000000000000000000000000000
0000000000000001000000000000100000000000000000000000000000000000000000000000000000000000000000000000000000000000000000000000000000000000000000000000000000000000000000100000000000000000000001000000000000000000000000000000000000000000000000000000000000000000
0101000000100100000000000000000000000000000000000000000000000000000000001000000000100000000000100000000000000001001000000000000000001110110000000000010100010000010010000000000000001000100001000000000000011000000000000000000000110001100000000000000000000100
0011000100000000000000001000000000000000011100000010000000010101001100001100000010000000010000000000000000000000001011001001000000100000000000000010101000000000000011000000010000000010001000101111000000000001000000000000000000000010000000000000100100000000
0000100100011100101100110000100101101111000001001001001000101010000010000000000010111011110000000000000101001001000001010000100100010001010010100001100000100010101000001010010010000100010010001010000000100001001000001000000000011000010101000000000000000000
0010000000001000000000000000000000010000000000000000000000010010000000000000000000000000000000000000001000000000000000000000000010000000001000000000000000000000000000000000000000000000000000000000000000000000000100110000000000000000000000000000000000000000
0000000000000000000000000000000000000000000000001000000000000000000000000000000000000000000000000000000000000000000000000000000000000000000000000000000000000000000100000000000000000000000000000000000000000000000000000000000000000000000000000000000000000000
0000000000000000000000000000000000000000000000000000000000000000000000000000000000000000000000000000000000000000000000000000000000000000000000000000000000000000000000000000000000000000000000000000000000000000000000000000000000000000000000000000000000000000
0000000000000000000000010000000000000000000000000000000000000000000000000000000000100000000000000000010001000000000000000100100001000000000000000000000000000000010000000000000000000000001000000000000000000000000000000000000000100000000000000000001000000000
0000000000000000000100001000000010000000000000000000000000000000000000000010100000000000000000000000000000000000000000000000000000010000000000000000000000000000000000000000000000000000000000000000000000000000000000000000000000000000000000000000000000001000
0000000000100000000000000000000000000000100010000000000000000000000000000000000100000000001000000000000000000001000000000000000000000000000100000000000000000000000000000000000000000000000000000000000000000000000000000000001000000000000000000000000000000000
0000000001000000000000000000000000000000000000000000000000000000000000000000000000000000000000000000000000000000000000000000100000000000000000000000000000000000000000000000000000000000000000000000000010000000000000000000000000000000000000000000000000100000
1100000001001100110000000000000001000101000100010000001000000010101100100001001000100101100100001011001010100000011110000000000010010000001000000000000000100001000011010001101000000000000000000000100000000010000001100001000001000000000010011000000101000000
0000000110010000110000010000000000001000000000001000101011000000000101000000001001000011000001101001011000001010000001100000011000100000000101000100001000000000000000110000001000101101010000001100010010000010000100000000001100101000000010010100001001100100
0000000100100110010000010000110000010000000001000001000100100100110011000110000101100000101011100101000011000111010001010100011000010000100010010001101000100000001000000100110111100011101100000110010010101100010101000011010001010010000111100100010001001010
1011001010000000110001101111010100001000101101011100000000001000000100000100000000000010110100101000010001000101010000100001001000000001101100010010000001000000000010100010000000100100000001010001000000111010001100111001000010001000011000010000110001010010
0000000000100000010010000001000100001000101000000000000000000000000000010100010100010000001010000000000000000000000000000000001010100000000000000010100000000000100000000000000000001001000000110000010001000110010110000000000000000100000000000000010000000000
0000100000000000100001000001000000001000001000000000000000000000000000000010010000000101000010100000000000100000110000000100000000000000000000100010000001000000000011000000000000010000000000000000000000000000000000100000000001000000000000010000001000000001
0000000000000000000100000000001000000010000000000010000100000000000001000000001000000000000000000000000000010000000100000000100000000000001000000001000000000000001001100000000000000000000000000001000000100000000000000000100000000010000000100001000000000010
0000000000000000000000000100000000000000000000000000010000000001000000010000000100110010000000000000000000000000010000000000000000000000000000000000001100000101000011000000000000001000011100000000001010000000000101000000000000000000011000000000000000000000
0000000000000000000001000010000010000000001000000000010001000000000000000100100001000000000000000000100000000010000000000000000000000101000000000100000000101000000000100000100000000000100000000010000000010100100000100000100000000000000000001000000000000000
0000000000000000000000000000000000000000000000000100000000000000000000100100000000000000001010000000000100010000000000001100001000000000000000000000000000000100000000000000000000000000010000100010100000000000100000110000110000000000100000000000100000000100
0000010000010100000000000000000000000000000111000100010001000011000000000010000010101000000000000000100010100000000000000000000000010001100010000000100100000000100101001000001000001000000000000000100000111000100010000000110000000000000000010000000001000000
0010100100010010000000000100000000000010000000011000001000100000010000000100000000000000000000010000000000000100000101001000010000010000011000000101000000100010100000000000000000001000000000100000000001000000100000000010000000000000000000000000000001000000
0000000001000000000000100000000000000001000000101000000000000000000000000000100000000000010000001010010000000000010000000000000010000000000000000010000000000101000000000000000010000000000100000011100000000100000000001000000000001000000100000000001100000000
0001000000000000000000000000100000000000000000010000000000000000000000000000000010000000000000100000000000000000000100100000000000000010000010000000000000000000000000000011000000000000000100000000000000000000000000000000000100001110000000000001000000001000
0001000000010000011010000010000000001000000000000000001000010010000000000100000001010000000000001001010000000000000010001010000000000001000010000000000000000000000000100100000000010010000001000000000000100010000000000000000000010000000000000000000000000010
0000011101100000100000000000000000100010000001000000000010100000000000100000000000000000000001000010000000000000100000000000000001000000000000000001000010010001010000010000000000000000000000100000000000000000000000000101000000000000000001010000000000000000
0010100110010000100011000100001100000000001000000000001001000010000010110000001001011001000000010011000000000100010100000001100010100000000000000001010100000000010000011100000101001110001110000011010000000000010010000001000000011000000001101011010001001000
0010001000110000000001110000100001000000010100100000000000000000010100110000001000000000000100000000000010001100000000000001010000010000000000000000000000000000000000000000000000001000100000100000110000001000110010000000000010000100000010101000000001000000
0000000000000000000000000000000000000000000000000000000000000000000000000000000000000000000000000000000000000000000000000000000010000000000100000000101100001100000000000100000000000000000000001011110000000000100000101001000000100101000001101000000010001100
0010100000000000001000001000000110000001101000000000000000101010000000010000010010000100000000000000100000010000001000011000000000000000000000001001100100000000000000000001000101100011000000000101000000001000000010100000000010000000000000010000000010110000
0000000000000000000000001000000000000000000000000010000000000001000000000000000000000000000000000000000000000000000100000000000000000000000000000000000000000000000000000000000000000000000000000000000000000000000000000000000000000000000000000000000000000000
0000000001000000000000000000010000000000000000000000000000000000000000010000000000000000000000000010000000000000000000000000000000000000000000000000000100000000000000000000010000000100000000000000000000000000000000000000000000000000000000000000000000000001
0010000000000000000000000000000000000000000000000001000000000000000000000010100000000000000000000000000000000010000000000000000000000000000000100000000001000010000000000000000000000000000000001000000000000010000000000000000000000000000000100000000000000000
0000000000000000010000000010000000000000000000000000000000000000000000000000000000001000000000000000000000000000000000000000000000000000100000000000000000000000000000000000000000000000000000000001000000000000000000000000000000000000000000000000000000001000
0010000000000000000000000011000000000000010000100000001000000001000000000100000010011000000000000000000000010000000000000000000110011110110000000000000010001011000001000010000000001000000100000000000100000000011000000100000100100000000100001001110000011100
0010001000001000010100000001101000000000011100001100110010010010000011100001001000000000011000000010001000101010100000011000000000100001001101000100010000000010010000101000000000010101010101100000000000000000011000001000001000000100000000001010100100001000
0000000000000000000000000000000000000000000000000000000000000000000000000000000000000000000000000000000000000000000000000000000000000100000000000000100000000000000000000000000000001000000000000000000001100000000000000000000000000011000000000000100000000000
0010000000000000000000000000000000000000000000000000000000000000000000000000000011000000000000000000000000100000000000000000000000000000000100000000000000000000000000001000000000000000000100000000000000000000000000000000000000000000000000000000000000000000
