1010011111011001001111110111000111110111000000000101011101000000000000000010000000000000000000000000000000000000000000000000000000000000000000000000000000000000000000000000000000000000000000000000000000000000000000010000000000000000000000000000000000000000
1111111111111111111011111111111111111111111111111111111110111111111110000000011111111111111111111111111111111111111111101111111111111111111111111111111111111111111111111111111000000000000000000000000000000000000000000000000000000000000000000000000000000000
1111111111111111111111111111110111111111111111111111111111111101110110111111111111111111111111111111111111111111111111111111111111111111111111110110000000000000000000000000000000000000000000000000000000000000000000000000000000000000000000000000000000000000
1111111111111111111111111111111111111111111111111011111111111010110000000011000000000000000000000000000000000000000000000000000000000000000000000000000000000000000000000000000000000000000000000000000000000000000000000000000000000000000000000000000000000000
0000000000000000000000000000000000000000000000000000000000000000000000000000000000000000000000000000000000000000000000000000000000000000000000000000000000000000000000000000000000000000000000000000000000000000000000000000000000000000000000000000000000000000
0000000000000000000000000000000000000000000000000000000000000000000000000000000000000000000000000000000000000000000000000000000000111000111000000000011111111101111101100101101111101010011000110000010100000000000000000000000000000000000000000000000000000000
0111111111110111011111111101011111101111011111101111011101111111101111110100011100100010101001001001010010011111101101100001100101000110100000000000000000000000000000000000000000000000000000000000000000000000000000000000000000000000000000000000000000000000
1111101111111111101111111111111111111111111001100010101110101001101000000000000000000000000000000000000000000001011110100000000000000000000000000000111111111110100110010100001100010000000000000000011111011111101100001101000010000000001001001000001000001000
1111111111110111111111111111101111111111011101110110011001011101001001111001011111111111111111111111111111111111111111111111111111111111111111111111111111111111111111111111111111111111111111111111011111111111111111110100000000000000000000000000000000000000
1100111111111110111101110111111111110111101010001101101101100000000000000000000100000000000000000000000000000000000000000000000000000000000000000000000000000000000000000000000000000000000000000000000000000000000000000000000000000000000000000000000000000000
1111111111111111111111111111111111111111111111011111111111111111111111111111111111111111111111111111111111111101111111111111111101111011111111111111110111111111111111111111111111000000000000000000000000000000000000000000000000000000000000000000000000000000
1111111111111111111111111111111111111111111111111111111111111111111111111111111110111111111111111111111111111111111111111111111111011111111111111001101111111111111111111111111111101111110111101001111100001000000000000000000000000000000000000000000000000000
1111111111111111111111111111111111101111111111111111111111111111111111111111100000001111101111010100101101010011000000110111010011111001011000000001001100101010000000100011100000000000000000000000000000000000000000000000000000000000000000000000000000000000
1111111111111111111111111111111111001111111111111111111111111111111111111111110111111111111111111111111111111111111111111111111100000001000000000000000000000000000000000000000000000000000000000000000000000000000011100100000000000000000000000001111101110100
1111101111110101000100010010101110101110010111100010011011010100000000010010000000000000000000000000000000001111111111111011001010010000000000000000000000000000000000000000000000000000000000000000000000000000000000000110000111101111111111111111111111110101
1111111111111111011111111111111111111111111111111111111111110000000000000000000000000000000000000000000000000000000000000000000000000000000000000000000000000000000000000000000000000000000000000000000000000000000000000000000000000000000000000000000000000000
1111111111111111111111111111111110111111111111111111111111000000001111111111111111111110111010110000000000000000000000000000000011111111111111111111111111111111111111111111111111111111111111111111111111111111111111111111111111111111111111111111111111111111
0000000000000000000000000000000000000000000000000000000000000000000000000000000000000000000000001000000000000000000000000000000000000000000000000000000000000000000000100000000000000000000000000000000000000000000000000000000000000000000000000000000000000000
0110111000000000000000000000111000000000000000000000000000000000000000000000000000000000000000000000001111110111111110011000000011111111111011111111001011001011010110010101111111111111111111111111111111111111111111000000000000000000000000000000000000000000
0000000000000000000000000000000000000000000000000000000000000000000000000000000000000000000000000000000000000000000000000000000000000000000000000000000000000000000000000000000000000000000000000000000000000000000000000000000000000000000000000000000000000000
0000000000000000000000000011111111111111111111111111111111111111111111111111111111111100111000110010000000100010000000010000000000000000000000000000000000000000000000000000000000000000000000000000000000000000000000000000000000000000000000000111111111111110
0000000000000000000011111111111111101111111111111111111111111111111111110011110000000000000111110111111111011111111111011111111111111111110110111110000000000000000000000000000011000000000000000000000000000000000000000000000000000000000000000000000000000000
1100000001100100000000000000000000000000000000000000000000000000000000000000000000000000000000000000000000000000000000000000000000000000000000000000000000000000000000000000000000000000000000000000000000000000000000000000000000000000000000000000000000000000
0000000000000000000000000000000000000000000000000000000000000000000000000000000000000000000000000000000000000000000000000000000000000000000000000000000000000000000000000000000000000000000000000000000000000000000000000000000000000000000000000000000000000000
1111111111111111111111111101111110111111101111111111111111111111111111111111111100000000000000000000000000000000000000000000000000000000000000000000000000000000000000000000000000000000000000000000000000000000000000000000000000000000000000000000000000000000
1111111111111111110111111111111111110000000000000000100010111011110100000000000000000000000000000000000000000000000000000000000000000000000000000000000000000000000000000000000000000000000000000000000000000000000000000000000000000001111111101110101010111100
1110001110111000001001001011010000001000000000000000000001111111111011111101111111111011111111111111111111111111111111101111111111111111111111111111111111111111111111111111111110100111001000000000001100001000101101101010000100100000000000000000000000000000
1110111111111111111111111001111111111111111111111111111111111111111111111111101011111111111111111111111111111011111101111111111111111111111111000000000000000000000000000000000000000000000000000000000000000000000000000000000000000000000000000000000000000000
0000000000000000000000000000000000000000000000000000000000000100000000000000000000000000000000000000000000000000000000000000000000000000000000000010000000000000001101111110111111111111111111011111110101111111111111111111111101110111111111010011110011111101
1111111111111111111111111010111111111111111111111111111111111111111111111111111111111101111111111111110111111111011111111111111101111111101111111111111111111111111111111111101111111110111011111110111111110001100000000001001100001000001010111100110001110010
0000111111111111111111111111111111111111111111011111111111111111111110111111111111111111111111111111111111111111111111111111111111111111111111111111111111111111110111111010111101010010010000000010000001111000001000000000001000001100000000000000000000000000
1111111110111111111111111101111100011010000010110000100001011100001011110010100000000000000000000000000000000000000000000000000000000000000000000000000000000000000000000000000000000000000000000000000000000000000000000000000000000000000000110011100010100100
0101111111111111111110111111101011110111011111111000100000000000000001110010001100000000000000000000111111111111111111111111111111111111111111111111111111111111111111111111111101111111111111110000010100111110100001010011110000010100000000000000000000000000
0000000000000000000000000000000100100111000110010000000000000000000000000000000000000000000000000000000000000000000000000000000000000000000000000000000000000000000000000000000000000000000000000000000000000000000000000000000000000000000000000000000000000000
0110101110000000000000000000000000000000000011111111111010111111111111111111111111011111111011011110111111111111111111111111101111111111111111101111111101111111111111111000000000000000000000000000000000000000000000000000000000000000000000000000000000000000
0000000011111110111111111111111111111111110000000111101110111000000000000000000000000000000000000000000000000000000000000000000000000000000000000000000000000000000000000000000000000000000000000000000000011111111111111011111111110111111111111111111111111100
1111111111111011100000000000111111111111111111111111111111111111111111111111111111111111111111111111111111111111111111111111111111111111111111111111111111111100000000000000000000000000000000000000000000000000000000000000000000000000000000000000000000000000
1111111111111111111111111100111111111111111101110111111111111111111111111111111011111111011111110110100000110111000010010000000000000000000000000000000000000000000000000000000000000000000000000000000000000000000000000000000000000000000000000000000000000000
1111111111111111111111111111111000000000000000000000000000000000000000000000000000000000000000000000000000000000000000000000000000000000000000000000000000000000000000000000000000000000000000000000000000000000000000000000000000000000000000000000000000000000
1111111111111111111111111111111111111111111011111111111111111111111111111101111111111101111111111111111011111001011111111111111111111111111011110111011011100111101100000000000000000000000000000000000000000000000000000000000000000000000000000000000000000000
0000000000000000000000000000000000000000000000011111111111111111111111111111111111001111101000111101101001010010000000000000000000000000000111111111111111111100011000101001000101111111111111111111111111110100101011110001101010000110000000000010000100000000
1111111111111111111111111111111111111111101111111111110010000100000000000000000000000000000000000000000000000000000000000000000000000000000000000000000000000000000000000000000000000000000000000000000000000000000000000000000000000000000000000000000000000000
0000000000000000000000000000000000000000000000000000000000000001000000000000000000000000000000000000000000000000000000000000000000000000000000000000000000000000000000000000000000000000000000000000000000000000000000000000000000000000000000000000000000000000
1111110111111111111111111111111111111111111111111111111111111111111111111111111111111111111111111111111011111111111111111111111111111111111111011111111111111111111111111110011100000000001000000000000000000000000011111111101111111111111111111111111111111111
0000000000000000000000000000000000000000000000000000000000000000000000000000000000000000000000000000000000000000101111011111111111111111111111111111011101110100000100001000000000101111010001001010000000000000000000000000000000000000000000000000000000000000
0000000000000000000000000000000000000000000000000000000000000000000000000000000000000000000000000000000000000000000000000000000000000000000001111111110111111111111111111111111111111111110111111111111111111111111111111111111111111111111111101111101111111111
1000000000001010000100010000010010000000000000000000000000000000000000000000000000000000000000000000000000000000000000000000000000000000000111011111111111111111111111111111111111011111111111111111111101111111111111111111111110111011111111101111111111111111
1111111111111111111011111111111111111111111111011111111100001111110000111001111111111011111111111111111110111111111111111111110101000000100001000000000000000000000000001000000000000000000000000000000000000000000000000000000000000000000000000000000000000000
0000000000000000000000000000000000000000000000000000000000000000000000000000000000000000000000000000000000000000000000000000000000000000000000000000000000000000000000000000000000000000000000000000000000000000000000000000000000000000000000000000000000000000
0000000000000000000000000111111111111111111001111111111111111111111111111101111111111111111111111111111111111111111111111111111111111111111111111111111111111111111111111111111111111111111111111111111111111111111110111011101111111101111101110110001101000000
1111111111111111111111111111111111111111111111011111111101011110110111111001111111111011111111111100001110010011111000111101110010010001011000001110010001000000000000000000000000000000000000000000000000000000000000000000000000000000000000000000000000000000
1111111111111111111111111111111011111111111111111111111110001100100000000000000000000000000000000000000111111111111111111111111111111111111111111111111111011111111111111111111111111111111101111100011100001101101000001011010111010100111011111111111111101111
0000000000000000000000000000000000000000000000000000000000000000000000000000000000000000000000000000000000000000000000000111101111111111111111111111111111111111111111111111111111111111111111111111111111111111111111111101111111111111111111111111111111111111
0000000000000000000000000000000000000000000000000000000000000000000000000000000000000000000000000000000000000000000000000000000000000000000000000000000000000000000000000000000000000000000000000000000000000000000000000000000000000000000000000000000000000000
1111111111111111111111111111111111111110111111111111111111101110110010000000100111111111111111111111111110111001111111111111111111111111111111111111111111111111111111111111111111111111111111111111111111111111111111111111111111111111111111111111111111111110
0000000000000000000000000000000000000000000000000000000000000000000000000000000000000000000000000000000000000000000000000000000000000000000000000000000000000000000000000000000000000000000000000000000000000000000000000000000000000000000000000000000000000000
1111111111111111111111111111111111111111101111111111111111011111111111111111111111111111111111111111111111111111111111111111101111111111111111111010000000000000000000000000000000000000001100100001011000000000000000000000000000000000000000000000000000000000
1111111111111111111111111111101111111111111111011111111111111111111111111111111111111111111111111111111111111111110111110111111111111111111111111111011111111101111110111000000000000000000000000000000000000000000000000000000000000000000000000000000000000000
1111111011101111110111111101011111111111111100111011100100001011100100001000000000000010010011011001011000000000000000000000000000000000000000000000000000000000000000000000000000000000000000000000000000000000000000000000000000000000000000000000000000000000
1111111111111111111111111111111111111111111111111111111111111111111111111111111111111111111111111011110001111111111111111111111111111111111111111111111111111100000011111011111111101111111000000000000000000001111111111111111111111111111111111111111111111111
1110111111111111111111110101000010000000001101101000000101111111111111111111111111110111111111111111111100001000000000000000000000000000000000000000000000000011011111111111111111111111111111111111111111111111111111111111111111111111111111111111111111111011
1111111111111111111111111111111111111111111111111111111111111111110111111111111111111111111111111111111111111111111111111111111111111111111111111111111111111111111111111111111111111111111111111111111111111111111111111111101111111111111111111110111111111111
1111111111111111110101111111111111111111111111111111111111111111111111111111111101000000111111110111111111111111011111111111111111111111111111111111111111111111111111111111111001110111010111110111111111111111111111101011111111111101111110110000001000000000
1111100111111111111111111111111111111011101111111110111111111001101111001111101110111110111111010111111101110100101111100100010011100011100110010000100101100101010010011100000011101100100000000000000000000000000000000000000000000000000000000000000000000000
1111111111111111111111111111111111111111111111111111111111111111111111110111111111101111111111101111111111111101111111111111111110011101110011100100001000000000000000000000000000000000000000000000000000000000000000000000000000000000000000000000010000000000
0000000000000000000000000000000000000000000000000000000000110000000000000000000000000001111111111111111111111111001111100010000010001000000000100000000000000000000000000000000000000000000000000000000000000000000000000000000000000000000000000000000000000000
1011000111110000001000110100111000000001000000000000000000000000000000000000000000000000000000000000000000000000000000000000000000000000000000000000000000000000000000000000000000000111111111111111111101110010000000011111111111111111111111111111111111111111
0000000000000000000000000000000000011111110111111111111111111111111111111111111111111111111111111111110110111110100011111110001100100000000000000000000000000000000000000000000000000000000000000111111111111111111111111111111111110101111111011011110111100000
0000000000000000000000000000000000000000000000000000000000000000000000000000000000000000000000000000000000000000000000000000000000001101111111111111111111111111111111111111111111111111011111111111111111101111111111111111111111111111111111111010000000000000
0111101111110010100000000011111111111111111111101111111111111111101111000000000000000011111111111101111111111111111111111110111111111111111111111111111111111101111111111111111111111111011111111111111111110111111111111110101101100111101010111011000000000000
0000000000000000000000000000000000000000000000000000000000000000000000000000000000000000000000000000000000000000000000000000000000000000000000000000000000000000000000000000000000000000000000001111111111111111111111111111111111111011111111111111111111101111
1111111111111111111111111111111111111111111110111111011101011111111110111111110011111111111111011111111111111111111011111111101111111111000000110100111111111111111111111111111111111111111111111111111111111111111111111011111111111111111111111111011111111111
1111111111111111111111111111111110010010001000000000000000000000000000000000000000000000000000000011111111111111111111111111111111111111111111111111111111111111111111111111111111101111111111111111111111111111111111111111111111111111111111111111111111111111
1111111111111111111111111111111111111111111001011010101111111111111111110111111111111111111111111101111111111111111111111111011101010010010000000000000000000000000000000000000000000000000000000000000000000000000000000000001110000000000001111111111111111111
1110111111011111111111111111111100101000001100000000000100000101100000000101111111100000000000000000000000000000000000000000000000000000000000000000000000000000000100000000000000000001011010110010000100100111110011101110111111001000000000000000000001110000
0000000000000000000000000000000000000000000000000000000000000000000000000000000000000000000000000000000000000000000000000000000000000000000000000000000000000000000000000000000000000000000000000000000000000000000000000000000000000000000000000000000000000000
0000000000000111111111111111111111111101111111101111111111111111111111111011011111111011110101000100100000000000000000000000000000000000000000000000000000000000000000000000000000000000000000000000000000000000000000000000000000000000000000000000000000000000
0000000000000000000000000000000000000000000000000000000000000000000000000000000000000000000000111111111111111111111101111111111111111111111111111111111111101101111111111111111111111111111111111111111111111111111111111111111111111111111111111111111111111111
1111111111111101111111111011111111111111011111111111111111011110111111101111110101111111111101111011111111001011111011010110000100000100100000000000000000000000000000000000000000000000000000000000000000000000000000111111111111111111110111111111111111111111
0000000000000000000000000000000000000000000000000000000000000000000000000000000000000000000000000000000000000000000000000000000000000000000000000000000000000000000000000000000000000000000000000000000000000000000000000000000000000000000000000000000000000000
0000000000000000000000000000000000000000000000000000000000000000000000000000000000111111111111111111111111111100110100000000000000000000000001110111111111111110111111111111111111100111101011110110111101000111001100101100011110001010000000000000000111111111
1101111111111111111111111111111111011111111111011111111111111111110111111101111101000011000000110000000000000000000000000000000000000000000000000000000000000000000000000000000000000000000000000000000000000000000000000000000000000000000000000000000000000000
1111111101111111111111111111111101101101110100100000010000000000000000100000000000000000000000000000000000000000000000000000000000000000000000000000000000000000000000000000000000000000000000000000000000000000000000000000000000000000000000000000000000000000
0000000000000000000000000000000000000000000000000000000000000000000000000000000000000000000000000000000000000000000000000000000000000000000000000000000000000000000000000000000000000000000000000000000000000000000000000000000000000000000000000000000000000000
1111111111111101000000001110000000000000000000000000000000000000000000000000000000000000000000000001011101000110100000000000000000000000000000000000000000000000000000000000000000000000000000000000000000000000000000000000000000000000000000000000000000000000
1111111111111111111111111111111111111111111111111111111111111111111101111111111111111111111111111111111111111111111111011111111111111111111111111111111111100011000101101101100101000101000011000000000000000000000000000000000000000000000000000000000000000000
0000000000000000000000000000000000000000000000000000000000000000000000000000000000000000000000000000000000000000000000000000000000000000000000000000000000000000001111111111111111111111111111111111111111110111110000000000000000000000000000000000000000000000
0000000000000000000000000000000000000000000000000000000000000000000000000000000000000000000000000000000000000000000000000000000000000000000000000000000000000000000000000000000000000000000000000000000000000000000000000000000000000000000000000000000000000000
0000000000000000000000000000000000000000000000000000000000000000000000000000000000000000000000000000000000000000000000000000000000000000000000000000000000000000000000000000000000000000000000000000000000000000000000000000000000000000000000000000000000000000
0000000000000000000000000000000000000000000000000000000000000000000000000000000000000000000000000000000000000000000000000000000000000000000000000000000000000000000000000000000000000000000000000000000000000000000000000000000000000000000000000000000000000000
0000000000000000000000000000000000000000000000000000000000000000000000000000000000000000000000000000000000000000000000000000000000000000000000000000000000000000000000000000000000000000000000000000000000000000000000000000000000000000000000000000000000000000
0000000000000000000000000000000000000000000000000000000000000000000000000000000000000000000000000000000000000000000000000000000000000000000000000000000000000000000000000000000000000000000000000000000000000000000000000000000000000000000000000000000000000000
1101011110111001000001010010111001110000000000000000000000000000000000000000000000000000000000000000000000000000000000000000000000000000000000000000000000000000000000000000000000000000000000000000000000000000000000000000000000000000000000000000000000000000
0000000000000000000000000000000000000000000000000000000000000000000000000000000000000000000000000000000000000000000000000000000000000000000000000000000000000000000000000000000000000000000000000000000000000000000000000000000000000000000000000000000000000000
1101010110110110001010100010110011010010000001000000000000000000000000000000000000000000000000000000001011000110010100001101110011100011001100100000111100111100000100000000001010100000010001010000000000000010000100101000001100011000000010000000000000000000
1010010111101001110010111000110111100000010110001000001000010011000000000110101000011110011101011111001110111111111100101010000010000000010000000010011000001000001010000000000000000010100101000100001101100101100100001011001001010110000101010000000001010100
0000000000000000000000000000000000000000000000000000000000000000000000000000000000000000000000000000000000000000000000000000000000000000000000000000000000000000000000000000000000000000000000000000000000000000000000000000000000000000000000000000000000000000
1111111111111111111111111111111111111011101111111111111111111111111111111111111111111111101000010010010000111111111111111111111111111111100101101001100000011111111111111111111111111101100111001011000000000000010111111011111101111111111111000010101011100010
1111111111110111111111111111111111111111111111111111111111111111111111111111111111111111111111111111111111111111111111111111111111111111111111111111111111111111111111111101111111111111111111111111111111101111111111111111111111111111111111111111111111111111
1111111111111111111111111111111111111111111111111110111111111111111111001011001111101101010001111110010100110011110000110000100100000010000000000000000001111101111111100001000101111111111111101111111111111111111111111000000000000000000000000000000000000000
1111111111110100111110111111111011110110101100000110001111111111111111111111111111111111111111111111111111111111111111111111111111111111111011111111111111110111101111111111101111010100000000000000000000000000111110111100000000000000000000000000000000000000
1111111111111111111111111111111111111111111111111111011111111111111111111111111111111111111111111111111111111111110000100000010000000000000000000000000000000000000000000000000000000000000000000000000000000000000000000000000000000000000000000000000000000000
1111111111111111111111111111111101111111110101111111101010100001110001010111000000000000000000000000000000000000000000000000000000000000000000000000000000000000000000000000000000000000000000000000000000000000000000000000000000000000000000000000000000000000
1110111111111111111111111111111111111111111111111011111111111111111111111111111111111111111101111111111111111111111111111111111111111111111111111111111100011000010010011000011110010101010110010100100000110000000000000000000000011111111111111111111111111111
1111111111111111110111111111110111111000010000000000000000000000000000000000000000000000000000000000011111111111111111111111111111111111111011111111111111111111111111111110111111111111111111111111111111111111110111111111111111000000000000000000001111111110
1111111101111111111111111111111111111111111111111111111111111111111111111111011111111110111111110111111111111111110111111111111111111111111111111111111111111111111111111111111111111111111111011111110111111111111110111111000000000000000000000000000000000000
1101111111111111111111111111011011111111111110110011000111000100110000000000000000000000000111111111111111111111111111111111111111101111111111111000000000000000000000000000000000000000000000000000000000000000000000000000000000000000000000000000000000000000
1111111111111111111111111110011111111111111110011100000000000000000000000000000000000000000000000000000000000000000000000000000000000000000000000000000000000000000000000000000000100010001000000010000000000000011101111111111111110111111111111111111111111111
0000000000000000000000000000000000000000000000000010000001111111111111111111111111111111111111110111111101111111111111111111111111011111011011010011110111110001000100110000000001000011010011000000000000000000000000000000000000000000000000000000000000000000
0000000000000000000000000000000000000000000000000000000000000000000000000000000000000000000111111111111111111111111111111111111111111111111111111111111111111111111111111111111111111111111111111111111111101111111111111111111101111111111111111111111110100111
1111110111111111111111111111111111111111110000000000000000000000000000000000000000000000011111101111111111111111111111111111111111111111111111111111111111111111111111111111011101000000000000000000000000000000000000000000000000000000000000000000000000000000
1110111111111111111100010011011111111111111111111101111101001100010101110000101110010110010000000000000001111111111011111111111111111111111111111111111010000000000000000000000000000000000000000000000000000000000000000000000000000000000000111111111111111111
0000000000000000000000000000000000000000000000000000000000000000000000000000000000000000000000000000000000000000000000000000000000000000000000000000000000000000000001111110110101110110100101100111011110111101111111101011010110111011111001110001001110011111
0000000000000000000000000001110111111101010101111011000000000000000000000000100000000000000111000111000001010000000001100000001001000000000000000000000000000000000000000000000000000000000000000000000000000000000000000000000000000000000000000000000000000000
1101111111011101001001100001001100000000000000000000000000000000000000000000000000000000000000000000000000000000000000000000000000000000000000000000000000000000000000000000000000000000000000000000000000000000000000000001111100111010101111011111011111111110
0000000000000000000000000000000000000000000000000000000000000000000000000000000000000000000000000000000000000000000000000000000000000000000000000000000000000000000000000000000000000000000000000000000000000000000000000000000000000000000000000000000000000000
0000000000000000000000000000000000000000000000000000000000000000000000000000000000000000000000000000000000000000000000000000000000000000000000000000000000000000000000000000000000000000000000000000000000000000000000000000000000000000000000000000000000000000
0011010110010100000010000000100000000000000000100000000000000000000000000000000000000000000000000000000000000000000000000000000000000000000000000000000000000000000000000000000000000000000000000000000000000000000000000000000000000000000000000000000000000000
0000000000000000000000000000000000000000000000000000000000000000000000000000000000000000000000000000000000000000000000000000000001001001101100110100001110100110010101010000011110111001100000000000000000000000000000000000000000000000000000000000000000000000
1111111111111111111111111111111111111111111111111111111111111111111111111111111111111111101111011111111111111111111111111111111111110000000000000000000000000000000000000000000000000000000000000000000000000000000000000000000000000000000000000000000000000000
0000000000000000000000000000000000000000000000000000000000000000000000000000000000000000000000000000000000000000000000000000000000000000000000000000000000000000000000000000000000000000000000000000000000000000000000000000000000000000000000000000000000000000
0000000000000000000000000000000000000000000000000000000000000000000000000000000000000000000000000000000000000000000000000000000000111111010100000100010001001000000000000000000000000000000000000000000000000000000000000000000000000000000000000000000000000000
0010111101111110011101001100101000001010100010010010000010001000000000000000000000000000000000000000000000000000001000011000000010000101000000000100100000011000000000001100000001000000000100100000000000000000000000000100000000000000000000000000000000100000
1010011100000000000000000000000000000000000000000000000000000000000000000000000000000000000000000000000000000000000000000000000000000000000000000000000000000000000000000000000000000000000000000000000000000000000000000000000000000000000000000100000000010000
0000000000000000000000000000000000000000000000000001110100001001000110101000000000000010010000000111000000000000000000000000000000000000000000000000000000000000000000000000000000000000000000000000000000000000000000000000000000000000000000000000000000000000
0000000000000000000000000000000000000000000000000000000000000000000000000000000000000000000000000000000000000000000000000000000000000000000000000000000000000000000000000000000000000000000000000000000000000000000000101111101111110000000000000000000000000000
0000000000000000000000000000000000000000000000000000000000000000000000000000000000000000000000000000000000000000000000000000000000000000000000000000000000000000000000000000000000000000000000000000000000000000000000000000000000000000000000000000000000000000
0000000100000000111000000000000000000000010000100000000000000000100011101011010111100010100111010000000000000000000001000000000001001110101101100111100010100000000000000000000000000000000000000000000000000000000000000000000000000000000000000000000000000000
1000011011111101111111111001111010001111111111100000000000000000000000000000000000000000000000000000000000000000000000000000000000000000000000000000000000000000000000000000000000000000000000000000000000000000000000000000000000000000000000000000000000000000
0000000000000000000000000000000000001111111111111111110111111111111111111111101111111000000000000000000000000000000000000000000000000000000000000000000000000010111110000000000000000000000000000000000000000000000001111100000000000000000000000000000000000000
1111111110111111111111111111110011111111111111111111111111111111111111111111111111111111111111111111111111111110000000000000000000000000000000000000000000000000000000000000000000000000000000000000000000000000000000000000000000000000000000000000000000000000
1111111111111111100011101011101000000000000000000000000000000000000000000000000000000000000000000000000000000000000000000000000000000000000000000000000000000000000000000000000000000000000000000000000000000000000000000000000000000000000000000000000000000000
1111111111111111111111111000000000000000000000000000000000000000000000000000000000000000000000000000000000000000000000000000000000000000000000000000000000000000000000000000000000000000000000000000000000000000000000000000000000000000000000000000000000000000
1111111011011000001010011001000100011011000001110011011011000001001011111111111101111111111111111011111111100111100000000100001000000000000000000000000000000000000000000000000000000000000000000000000000000000000000000000000000000000000000000000000000000000
1111111111111111111111111111111111111111111111110111111111110111111111110111101110110001101111111111111111111111111111111001000000000000000000000000000000000000000000000011111111111111111111110111111110011111111111000000000000000000000000000000000000000000
1111111011111111111111111111111111110111111111111111111111111111111111111111111111111111111111111111111110111111111111111111111111011111111111111011111111111111111111111111111111111111111111111111111111101111110111111101111111111111111111111111111111110110
1111111111111111111111111111111110111110000010110000100001101000000000111111110111111111111111111111011110111111111011111111111111111111111111111111111111111111111111111111111111110111011101111111111111110000000010110100000100001000000000000000000000011110
0000000000000000000000000000000000000000000000000000000000000000000000000000000000000000000000000000000000000000000000000000000000000000000000000000000000000000000000000000000000000000000000000000000000000000000000000000000000000000000000111111111111111111
0000000001010000000000100000001001101111111111111111111111111111111111111111111011111111111111111101111110111111111111111111111101111111111111111111111111111111111111111111111111011100111110111011110111011111111101111111101111011111111101110010000001100100
1111111111111101110111110111111110001111101111111111100000000000000000000000000000000000000000000000000000000000000000000000000000000000000000000000000000000000000000000000000000000000000000000000000000000010110000000000000000000000000010111111000010110001
1101111111111110111111110111110010111100001100000111111111111111111100000000100000010011111111111111111101010010000000000111111111011111111111111111111111111111111111111111111111111111111110111011101111111111010100110101100101100111111100101000000000010000
1111111111111111111111111111111111111111111111111111111010000101000010110000000000000000000000000000000000100000000000000000000000000000000000000000000000000000000000000000000000000000000000011111111111111111111111111110111111111111111110011111111111110111
1111111111111111111111111111111111011111111111111111111111111010000011000001001000000000001000000000000000000000000000000000000000000000000000000000000000000000000000000000000000000000000000000000000000000000000000000000000000000000000000000000000000000000
1111011111111111111000000000000000000000000000000000000000000000000000000000000000000000000000000000000000000000000000000000000000000000000000000000000000000000000000000000000000000000000000000000000000000000000000000000000000000000000000000000000000000000
1011100100001110001100101101000001010000110000000000000000000000000000000000000000000000000000000000000000000000000000000000000000000000000000000000000000000000000000000000000000000000000000000000000000000000000000000000000000000000000000000000000000000000
1111011111111111111011111011111111111111111100000000101101000000000010000000000000000000000000000000000000000000000000000000000000000000000000000000000000000000000000000000000000000000000000000000000000000000000000000000000000000000000000000000000000000000
1111111111111110011100000000000000000000000000000000000000000000000000000000000000000000000000000000000000000000000000000000000000000000000000000000000000000000000000000000000000000000000000000000000000000000000000000000000000000000000000000000000000000000
0000000000000000000000000000000000000000000000000000000000000000000000000000000000000000000000000000000000000000000000000000000000000000000000000000000000000000000000000000000000000000000000000000000000000000000000000000000000000000000000000000000000000000
0000000000000000000000000000000000000000000000000000000000000000000000000000000000000000000000000000000000000000000000000000000000000000000000000000000000000000000000000000000000000000000000000000000000000000000000000000000000000000000000000000000000000000
0000000000000000000000000000000000000000000000000000000000000000000000000000000000000000000000000000000000000000000000000000000000000000000000000000000000000000000000000000000000000000000000000000000000000000000000000000000000000000000000000000000000000000
1111111111111111010000000000000000000000000000000000000000000000000000000000000000000000000000000000000000000000000000000000000000000000000000000000000000000000000000000000000000000000000000000000000000000000000000000000000000000000000000000000000000000000
0000000000000000000000000000000000000000000000001000000000000001111110000000000000000000000000000000000000000000000000000000000000000000000000000000000000000000000000000000000000000000000000000000000000000000000000000000000000000000000000000000000000000000
1111111111101111111010111111110111101111111111101100000000000000000000000000000000000000000000000000000000000000000000000000000000000000000000000000000000000000000000000000000000000000000000000000000000000000000000000000000000000000000000000000000000000000
0000000000000000000000000000000111111111111111111111001011100000000000000000000000000000000000000000001111111111111111111111111111111111101111111111111111111111111111111111111111111111110111111111111111111111111111111111111111111111111111110111101001000000
0000000000000000000000000000000000000000000000000000000000000000000000000000000000011111111111111111101111111111111111111111111111111111111101100000011010001011000010000000000000000000000000000000000000000000000000000000000000000000000000000000000000000000
0000000000000000000000000000000000000000000000000000000000000000000000000000000000000000000000000000000000000000000000000000000000000000000000000000000000000000000000000000000000000000000000000000000000000000000000000000000000000000000000000000000000000000
1111011101111111111111111111101001010010000000000000000000000000000000000111111111111111111111111111111011111111011111111001110111110011000000110110010001000100001000000000000000000000000000000000000000000000000000000000000000000000000000000000000000000000
1111111111111111111111111111111111111111111011111001100101100101001000111101011110101111011111111101111111111011111100101011000111111110001000001011000000000010111101100010111110110010000110001000010000000000000000000000000000000000000000000000000110000000
1111111111111111111111010111111111111111111100101100111000101101011011010011000011000000000000000000000000000000000000000000000001100001111101111111111111001101111111111111111111110111001111111111111111110111111111111110000000000000000000000000000000000000
1111111101110111111111111111111011111011111111111101111111111111111111111101111111111111111110111111111111110101011000000000000000000000000000000000000000000000000000000000000000000000000000000000000000000000000000000000000000000000000000000000000000000000
0000000000000000000000000000000000000000000000000000000000000000000000000000000000000000000000000000000000000000000000000000000000000000000000000000011111111111111011111111111111110000110000000000000000010100100010010000000000000101100001000000000000000000
0000000000000000000000000000000000001111111111111111111111111111111111111101111100000010100000110000000000000000000000000000000000000000000000000000000000000000000000000000000000000000000000000000000000000000000000000000000000000000000000000000000000000000
1111111101011111111110111010011011011111000001111101111110111111101100001111000011000000000000000000000000000000000000000000000000000000000000011111011110000000000000000000000000000000000000000000000000000000000000000000000000000000000011000000000001111111
0110001001000000000000000000000000000000000000000000000000000000000000000000000000000000000000000000000000000000000000000000000000000000000000000000000000000000000000000000000000000000000000000000000000000000000000000000000000000000000000000000000000000000
1000000000000000000000000000000000111111011000101010110100000111111001101111000011111111111101111111111101111111111111111111111111111111101111111110111111011111111101011111111111111111111111111111111111111111111111111111110111111111111111111111111111111111
1101110000000000000000000000000000000000000000000000000000000000000000000000000000000000000000000000000000000000000000000000000000000000000000000000000000000000000000000000000000000000000000000000000000000000000000000000000000000000000000000000000000000000
1111111110111111111111111111010101000000111100100010100100000000000000000000000000000000000000000000000000011111111111111111111111111111111111111111111111111111111111110011011000000000000000000000000000000010000000000000000000000000000000000000001111111111
1111111111111111111111111111111111111110011100000100010010000001000010000000000110000111110100101100111000001111100101010000000000000000000000000000000000000000000000000000000000000000000000000000000000000000000000000000000000000000000000000000000000000000
1111111111111111111111111111111110111111111111111111111011111110111001101100010001000001000011000000000000001111111111111111111111111111111000111000011000000000000000000000000000111111111111111111111111111111111111111111111111111111111111111111111111111111
0000000000000000000000000000000000000000000000000000000000000000000000000000000000000000000000000000000000000000000000000000000000000000000000000000000000000000000000000000000000000000000000000000000000000000000000000000000000000000000000000000000000000000
0111111100111010111010010111000011010000101000000001011100000000000000000000000000000000000000011111111011111111111111111111111111111000000000000000000000000000000000000000000000000000011111111111111111111111110111111111111111111111111111111111111111100010
0000000000000000000000000000000000000000000000000001111111110110011101001110111001000100000000000000000000000000000000000000000000000000000000000000000000000000000000000000000000000000000000000000000000000000000000000000000000000000000000000000000000000000
1111110111111111111111111111111111111111111111111111111011111111111111111111111110111111111111111111111111111111111111111111111111111111111111111111111111111111111111111111111111111111111111111111111111111111111111111111111111101111111000110001011000001111
1001101101111110001110111010001001110111000001001000010000000000000000111110110101111110001000100010011000000010000000000000000000000000000000001111111111111111110111110010000000000000000000000000000000000011111111111111111111111111111111111111111111111111
1111111111111111111111111100000000000000000000000000011111111111000000000000000000000000000000000000000000101011001011000000000000011111011111111111111111111111111111111111111111111111111111111111111100000000000000000000000000000000000000000000000000000000
1111111111111111111111111111111111111111111111111111111011111111101111111111111111011001000000000000000000000000000000000000000000000000000000000000000000000000000000000000000000000000000000000000000000000000000000000000000000000000000000000000000000000000
1011110010101101100011000000001100010010100001100000000000000000000000000000000000000000000000000000000000000000000000000000000000000000000000000000000000000000000000000000000000000000000000000000000000000000000000000000000000000000000000000000000000000000
1111111111111011111111111111111111111111100111111111101101011111111111111111111111111111111111111111111111111111111111111111111111111111111111111111001111111111110111111111111111111111111111111111111111111111111111111101111111111111111111110111111101111111
0000000000000000000000000000000000000000000000000000000000000000000000000000000000000000000000000000000000000000000000000000000000000000000000000000000000000000000000000000000000000000000011101111111111111111111111111111111111111111111111111111111111111111
0000000000000000000000000000000000000000000000000000000000000000000000000000111111111111111111111111111111111111111111111111111111111111111111111111111111111111111111111111111111111111111111111111111111111111111111111111111111111101111111111111111111111111
1111111111111111111111111111101111111111111111111110111111111111111111111111111111111111111111111111111111111111111111111111111111111111111111111011111111001111111111111110111111111111111111111111111101111111111111111111111111111111111111110111111111111111
1111111111111111111111111111111111111111111111111111101111111111111111111111111011111111111111111111111011111111111111111011111111111111111111111111111111111111011111110111001111101110111111111011111111111111111111111111111111111111111111111111111111111110
0111111111111111111111111111111111111110111111111001000111001100000000001111111100110000000000000000000000000000000000000000000000000000000000000000000011111111111101110110111111111101001101111100001001000001010000101000010000000000000000000000000000000000
0000000000000000000000000001111111111111111010101111111111011010000111010100000000000000000000000000000000000000000000000000000000000000000000000000000000000000000000000000000000000000000000000000000000111111011111111111100000000000000000000011111111011111
1010010011000100000000000000000000000000000000000000000111111111110001000110111100101010101000000000000000000000000000000000000000000000000000000000000000000000000000000000000000000000000000000000000000000000000000000000000000000000000000000000000000000000
0000000000000000000000000000000000000000000000000000000000000000000000000000001111111111111111111111100110101110010000000000100000000000000000000000000000000000000000000000000000000000000000011111110010111111011111111111111111111011111111111111111111111111
1111111111111111111111111111111111111111111111111111111111111111111111111111111111111111111111111111111111111111111111111111111111111111111111111111111111111111111111111111111111111111111111111111111111111111111110111111111111111111111111111111011111111111
1111111111111111111111111111111111111111111111111111111111111111111011011111111111111111111111111111011110111111111110101111111111111111111111110111111111111100000000000000000000000000000000000000000000000000000000000000000000000000000000000000000000000000
0111111011111111111011101110010111001100000011011010000010110111101010111001011011100001110110000000111010010000001010010101100011111111111111111110111111111111111111111111111101111111111111111111111101111111111111111111111111101111111111111111111111111111
1111111111111111111111111111111111111111111111111111111111111110111010000011111111111111111111111111111111111111111111111111111111111101010110000011001101001000010000000000000000000000000000000000000000011110111111000000000000000101100111111110100111111101
1111111111111110111111111111110111111111111111111111110111111111111111111111111101111111111111111111111111111110101010000011100011010101101100000011000100000001000000000000000000000000000000000000000000000000000000000000000000000010000000000000000000000000
1111111111111111111111111111111111111111111110111111111111111111111111111111111111111111111111111111110111110111111111111111111111111111111111111111111111111111111110111111111111111111111111111111111111111111111111111111111101111110111111110110000001000010
0000000000000000000000000000000000000000000000000000000000000000000000000000000000000000000000000000000000000000000000000000000000000000000000000000000000000000000000000000000000000000000000000000000000000000000000000000000000000000000000000000000000000000
0000000000000000000000000000000000000000000000000000000000000000000000000000000000000000000000000000000000000000000000000000000000000000000000000000000000000000000000000000000000000000000000000000000000000000000000000000000000000000000000000000000000000000
0000000000000000000000000000000000000000000000000000000000000000000000000000000000000000000000000000000000000000000000000000000000000000000000000000000000000000000000000000000000000000000000000000000000000000000000000000000000000000000000000000000000000000
0000000000000000000000000000000000000000000000000000000000000000000000000000000000000000000000000000000000000000000000000000000000000000000000000000000000000000000000000000000000000000000000000000000000000000000000000000000000000000000000000000000000000000
0000000000000000000000000000000000000000000000000000000000000000000000000000000000000000000000000000000000000000000000000000000000000000000000000000000000000000000000000000000000000000000000000000000000000000000000000000000000000000000000000000000000000000
0000000000000000000000000000000000000000000000000000000000000000000000000000000000000000000000000000000000000000000000000000000000000000000000000000000000000000000000000000000000000000000000000000000000000000000000000000000000000000000000000000000000000000
0000000000000000000000000000000000000000000000000000000000000000000000000000000000000000000000000000000000000000000000000000000000000000000000000000000000000000000000000000000000000000000000000000000000000000000000000000000000000000000000000000000000000000
0000000000000000000000000000000000000000000000000000000000000000000000000000000000000000000000000000000000000000000000000000000000000000000000000000000000000000000000000000000000000000000000000000000000000000000000000000000000000000000000000000000000000000
0000000000000000000000000000000000000000000000000000000000000000000000000000000000000000000000000000000000000000000000000000000000000000000000000000000000000000000000000000000000000000000000000000000000000000000000000000000000000000000000000000000000000000
0000000000000000000000000000000000000000000000000000000000000000000000000000000000000000000000000000000000000000000000000000000000000000000000000000000000000000000000000000000000000000000000000000000000000000000000000000000000000000000000000000000000000000
0000000000000000000000000000000000000000000000000000000000000000000000000000000000000000000000000000000000000000000000000000000000000000000000000000000000000000000000000000000000000000000000000000000000000000000000000000000000000000000000000000000000000000
0000000000000000000000000000000000000000000000000000000000000000000000000000000000000000000000000000000000000000000000000000000000000000000000000000000000000000000000000000000000000000000000000000000000000000000000000000000000000000000000000000000000000000
0000000000000000000000000000000000000000000000000000000000000000000000000000000000000000000000000000000000000000000000000000000000000000000000000000000000000000000000000000000000000000000000000000000000000000000000000000000000000000000000000000000000000000
0000000000000000000000000000000000000000000000000000000000000000000000000000000000000000000000000000000000000000000000000000000000000000000000000000000000000000000000000000000000000000000000000000000000000000000000000000000000000000000000000000000000000000
0000000000000000000000000000000000000000000000000000000000000000000000000000000000000000000000000000000000000000000000000000000000000000000000000000000000000000000000000000000000000000000000000000000000000000000000000000000000000000000000000000000000000000
0000000000000000000000000000000000000000000000000000000000000000000000000000000000000000000000000000000000000000000000000000000000000000000000000000000000000000000000000000000000000000000000000000000000000000000000000000000000000000000000000000000000000000
0000000000000000000000000000000000000000000000000000000000000000000000000000000000000000000000000000000000000000000000000000000000000000000000000000000000000000000000000000000000000000000000000000000000000000000000000000000000000000000000000000000000000000
0000000000000000000000000000000000000000000000000000000000000000000000000000000000000000000000000000000000000000000000000000000000000000000000000000000000000000000000000000000000000000000000000000000000000000000000000000000000000000000000000000000000000000
0000000000000000000000000000000000000000000000000000000000000000000000000000000000000000000000000000000000000000000000000000000000000000000000000000000000000000000000000000000000000000000000000000000000000000000000000000000000000000000000000000000000000000
0000000000000000000000000000000000000000000000000000000000000000000000000000000000000000000000000000000000000000000000000000000000000000000000000000000000000000000000000000000000000000000000000000000000000000000000000000000000000000000000000000000000000000
0000000000000000000000000000000000000000000000000000000000000000000000000000000000000000000000000000000000000000000000000000000000000000000000000000000000000000000000000000000000000000000000000000000000000000000000000000000000000000000000000000000000000000
0000000000000000000000000000000000000000000000000000000000000000000000000000000000000000000000000000000000000000000000000000000000000000000000000000000000000000000000000000000000000000000000000000000000000000000000000000000000000000000000000000000000000000
0000000000000000000000000000000000000000000000000000000000000000000000000000000000000000000000000000000000000000000000000000000000000000000000000000000000000000000000000000000000000000000000000000000000000000000000000000000000000000000000000000000000000000
0000000000000000000000000000000000000000000000000000000000000000000000000000000000000000000000000000000000000000000000000000000000000000000000000000000000000000000000000000000000000000000000000000000000000000000000000000000000000000000000000000000000000000
0000000000000000000000000000000000000000000000000000000000000000000000000000000000000000000000000000000000000000000000000000000000000000000000000000000000000000000000000000000000000000000000000000000000000000000000000000000000000000000000000000000000000000
0000000000000000000000000000000000000000000000000000000000000000000000000000000000000000000000000000000000000000000000000000000000000000000000000000000000000000000000000000000000000000000000000000000000000000000000000000000000000000000000000000000000000000
0000000000000000000000000000000000000000000000000000000000000000000000000000000000000000000000000000000000000000000000000000000000000000000000000000000000000000000000000000000000000000000000000000000000000000000000000000000000000000000000000000000000000000
0000000000000000000000000000000000000000000000000000000000000000000000000000000000000000000000000000000000000000000000000000000000000000000000000000000000000000000000000000000000000000000000000000000000000000000000000000000000000000000000000000000000000000
0000000000000000000000000000000000000000000000000000000000000000000000000000000000000000000000000000000000000000000000000000000000000000000000000000000000000000000000000000000000000000000000000000000000000000000000000000000000000000000000000000000000000000
0000000000000000000000000000000000000000000000000000000000000000000000000000000000000000000000000000000000000000000000000000000000000000000000000000000000000000000000000000000000000000000000000000000000000000000000000000000000000000000000000000000000000000
0000000000000000000000000000000000000000000000000000000000000000000000000000000000000000000000000000000000000000000000000000000000000000000000000000000000000000000000000000000000000000000000000000000000000000000000000000000000000000000000000000000000000000
0000000000000000000000000000000000000000000000000000000000000000000000000000000000000000000000000000000000000000000000000000000000000000000000000000000000000000000000000000000000000000000000000000000000000000000000000000000000000000000000000000000000000000
0000000000000000000000000000000000000000000000000000000000000000000000000000000000000000000000000000000000000000000000000000000000000000000000000000000000000000000000000000000000000000000000000000000000000000000000000000000000000000000000000000000000000000
0000000000000000000000000000000000000000000000000000000000000000000000000000000000000000000000000000000000000000000000000000000000000000000000000000000000000000000000000000000000000000000000000000000000000000000000000000000000000000000000000000000000000000
0000000000000000000000000000000000000000000000000000000000000000000000000000000000000000000000000000000000000000000000000000000000000000000000000000000000000000000000000000000000000000000000000000000000000000000000000000000000000000000000000000000000000000
0000000000000000000000000000000000000000000000000000000000000000000000000000000000000000000000000000000000000000000000000000000000000000000000000000000000000000000000000000000000000000000000000000000000000000000000000000000000000000000000000000000000000000
0000000000000000000000000000000000000000000000000000000000000000000000000000000000000000000000000000000000000000000000000000000000000000000000000000000000000000000000000000000000000000000000000000000000000000000000000000000000000000000000000000000000000000
0000000000000000000000000000000000000000000000000000000000000000000000000000000000000000000000000000000000000000000000000000000000000000000000000000000000000000000000000000000000000000000000000000000000000000000000000000000000000000000000000000000000000000
0000000000000000000000000000000000000000000000000000000000000000000000000000000000000000000000000000000000000000000000000000000000000000000000000000000000000000000000000000000000000000000000000000000000000000000000000000000000000000000000000000000000000000
0000000000000000000000000000000000000000000000000000000000000000000000000000000000000000000000000000000000000000000000000000000000000000000000000000000000000000000000000000000000000000000000000000000000000000000000000000000000000000000000000000000000000000
0000000000000000000000000000000000000000000000000000000000000000000000000000000000000000000000000000000000000000000000000000000000000000000000000000000000000000000000000000000000000000000000000000000000000000000000000000000000000000000000000000000000000000
0000000000000000000000000000000000000000000000000000000000000000000000000000000000000000000000000000000000000000000000000000000000000000000000000000000000000000000000000000000000000000000000000000000000000000000000000000000000000000000000000000000000000000
0000000000000000000000000000000000000000000000000000000000000000000000000000000000000000000000000000000000000000000000000000000000000000000000000000000000000000000000000000000000000000000000000000000000000000000000000000000000000000000000000000000000000000
0000000000000000000000000000000000000000000000000000000000000000000000000000000000000000000000000000000000000000000000000000000000000000000000000000000000000000000000000000000000000000000000000000000000000000000000000000000000000000000000000000000000000000
0000000000000000000000000000000000000000000000000000000000000000000000000000000000000000000000000000000000000000000000000000000000000000000000000000000000000000000000000000000000000000000000000000000000000000000000000000000000000000000000000000000000000000
0000000000000000000000000000000000000000000000000000000000000000000000000000000000000000000000000000000000000000000000000000000000000000000000000000000000000000000000000000000000000000000000000000000000000000000000000000000000000000000000000000000000000000
0000000000000000000000000000000000000000000000000000000000000000000000000000000000000000000000000000000000000000000000000000000000000000000000000000000000000000000000000000000000000000000000000000000000000000000000000000000000000000000000000000000000000000
0000000000000000000000000000000000000000000000000000000000000000000000000000000000000000000000000000000000000000000000000000000000000000000000000000000000000000000000000000000000000000000000000000000000000000000000000000000000000000000000000000000000000000
0000000000000000000000000000000000000000000000000000000000000000000000000000000000000000000000000000000000000000000000000000000000000000000000000000000000000000000000000000000000000000000000000000000000000000000000000000000000000000000000000000000000000000
0000000000000000000000000000000000000000000000000000000000000000000000000000000000000000000000000000000000000000000000000000000000000000000000000000000000000000000000000000000000000000000000000000000000000000000000000000000000000000000000000000000000000000
0000000000000000000000000000000000000000000000000000000000000000000000000000000000000000000000000000000000000000000000000000000000000000000000000000000000000000000000000000000000000000000000000000000000000000000000000000000000000000000000000000000000000000
0000000000000000000000000000000000000000000000000000000000000000000000000000000000000000000000000000000000000000000000000000000000000000000000000000000000000000000000000000000000000000000000000000000000000000000000000000000000000000000000000000000000000000
0000000000000000000000000000000000000000000000000000000000000000000000000000000000000000000000000000000000000000000000000000000000000000000000000000000000000000000000000000000000000000000000000000000000000000000000000000000000000000000000000000000000000000
0000000000000000000000000000000000000000000000000000000000000000000000000000000000000000000000000000000000000000000000000000000000000000000000000000000000000000000000000000000000000000000000000000000000000000000000000000000000000000000000000000000000000000
0000000000000000000000000000000000000000000000000000000000000000000000000000000000000000000000000000000000000000000000000000000000000000000000000000000000000000000000000000000000000000000000000000000000000000000000000000000000000000000000000000000000000000
0000000000000000000000000000000000000000000000000000000000000000000000000000000000000000000000000000000000000000000000000000000000000000000000000000000000000000000000000000000000000000000000000000000000000000000000000000000000000000000000000000000000000000
0000000000000000000000000000000000000000000000000000000000000000000000000000000000000000000000000000000000000000000000000000000000000000000000000000000000000000000000000000000000000000000000000000000000000000000000000000000000000000000000000000000000000000
0000000000000000000000000000000000000000000000000000000000000000000000000000000000000000000000000000000000000000000000000000000000000000000000000000000000000000000000000000000000000000000000000000000000000000000000000000000000000000000000000000000000000000
0000000000000000000000000000000000000000000000000000000000000000000000000000000000000000000000000000000000000000000000000000000000000000000000000000000000000000000000000000000000000000000000000000000000000000000000000000000000000000000000000000000000000000
0000000000000000000000000000000000000000000000000000000000000000000000000000000000000000000000000000000000000000000000000000000000000000000000000000000000000000000000000000000000000000000000000000000000000000000000000000000000000000000000000000000000000000
0000000000000000000000000000000000000000000000000000000000000000000000000000000000000000000000000000000000000000000000000000000000000000000000000000000000000000000000000000000000000000000000000000000000000000000000000000000000000000000000000000000000000000
0000000000000000000000000000000000000000000000000000000000000000000000000000000000000000000000000000000000000000000000000000000000000000000000000000000000000000000000000000000000000000000000000000000000000000000000000000000000000000000000000000000000000000
0000000000000000000000000000000000000000000000000000000000000000000000000000000000000000000000000000000000000000000000000000000000000000000000000000000000000000000000000000000000000000000000000000000000000000000000000000000000000000000000000000000000000000
0000000000000000000000000000000000000000000000000000000000000000000000000000000000000000000000000000000000000000000000000000000000000000000000000000000000000000000000000000000000000000000000000000000000000000000000000000000000000000000000000000000000000000
