0000000000000000000000000000000000000000000000000000000000000000000000000000000000000000000000000000000000000000000000000000000000000000000000000000000000000000000000000000000000000000000000000000000000000000000000000000000000000000000000000000000000000000
0000000000000000000000000000000000000000000000000111111111111111111011111111111111111110000000000000000000000000000000000000000000000000000000000000000000000000000000000000000000000000000000000000000000000000000000000000000000000000000000000000000000000000
1111111111111111111111111111111111111111111111111111111111011111111011111111111111011111111111110111110000000000000000000000000000000000000000000000000000000000000000000000000000000000000010111110111111111110111111111111111111111111111111111101111111000111
1111111111111111111111111111111111111111111111111111111111111111111111111110101100110001100000100010000000000000000000000000000000000001000000000000000000000000000000000000000000000000000000000000000000000000000000000000000000000000000000000000000000000000
1111000000010100000011000000000000000000000000000000000000111111111111111111110000000000000000000000000000000000000000000000001100100000000000000000000000000000000000000000000000000000000000000000000000111111111111111111111111111111111111111111111001110111
0000000000000000000000000000000000000000000000000000000000000011111111111111111111111110111111101011110011100100101001001000101000000000000000000000000000000000000000000000000000000000000000000000000000000000000000000000000000000000000000000000000000000000
0000000000000000000000000000000000000000000000000000000000000000000000000000000000000000000000000000000000000000000000000000000000000000000000000000000000000000000000000000000000000000000000000000000000000000000000000000000000000000000000000000000000000000
0000000000000000000000000000000000000000000000000000000000000000000000000000000000000000000000000000000000000000000000000000000000000000000000000000000000000000000000000000000000000000000000000000000000000000000000000000000000000000000000000000000000000000
0000000000000000000000000000000000000000000000000000000001000000000000000111111111111111111111111111111111111111111111111101111111111111111111111111111111111111110000000000000000000000000000000000000000000000000000000000000000000000000000000000000000000000
1111111111111111111111111110001101100110000010110110010110100010101010001000000000000000010001000000000000000000000000000000000000000000000000000000000000000000000000000000000000000000000000000000000000000000000000000000000000000000000000000000000000000000
1111110111101111010001100100000000000000000000001111111111111111111111111111111111111111111111111111111111111111111111111111111101111000000000000000000000000000000000000000000000000000000000000000000000000000000000000000000000000000000000000000000000000000
0000000000000000000000000000000000000000000000000000000000000000000000000000000000000000000000000000000000000000000000000000000000000000000000000000000000000000000000000000000000000000000000000000000000000000000000000000000000000000000000000000000000000000
0000000000000001001011000001010000011011000000000110000000000000000000000000000000000000000000000000000000000000000000000000000000000000000000000000000000000000000000000000000000000000000000000000000000000000000000000000000000000000000000000000000000000000
0000000000100000001000000001001000110000000000000000000000000000000000000000000000000000000000000000000000000000000000000000000000000000000000000000000000000000000000000000000000000000000000000000000000000000000000000000000000000000000000000000000000000000
1111110110110111100001011111101001001101011000000010000000000000000000000000000000000000000000000000000000000000000000000000000000000000000000000000000000000000000000000000000000000000000000000000000000000000000000000000000000000000000000000000000000000000
1111111111111110010100000000001100100000101100111110100111011110001000110001111000000100000000000000000000000000000000000000000000000000000000000000000000000000000000000000000000000000000000000000000000000000000000000000000000000000000000000000000000000000
0000000000000000000000000000000000000000000000000000000000000000000000000000000000000000000000000000000000000000000000000000000000000000000000000000000000000000000000000000000000000000000000000000000000000000000000000000000000000000000000000000000000000000
1111111000000111000000000000000000000000000000000000000000000000000000000000000000000000000000000000000000000000000000000000000000000000000000000000000000000000000000000000000000000000000000000000000000000000000000000000000000000000000000000000000000000000
1111111111111111111111111111111111111111111111110011101110111111111110000111001110000000000000000000000000000000000000000000000000000000000000000000000000000000000000000000000000000000000000000000000000000000000000000000000000000000000000000000000000000000
1111111000001110000000000000000000000000000000000000000000000000000000000000000000000000000000000000000000000000000000000000000000000000000000000000000000000000000000000000000000000000000000000000000000000000000000000000000000000000000000000000000000000000
1111111111111111111111111111011111111111110100000000000000000000000000000000000000000000000000000000000000000000000000000000000000000000000000000000000000000000000000000000000000000000011111111111111111111111111111111111111111111111111111111111111111111111
0000000000000000000000000001111111111111111111111111111101111111111111111111111111111111111111111111111111111111111111111111111111100000000000000000000000000000000000000000000000000000000000000000000000000000000000000000000000000000000000000000000000000000
0000000000000000000000000000000000000000000000000000000000000000000000000000000000000000000000000000000000000000000000000000000000000000000000000000000000000000000000000000000000000000000000000000000000000000000000000000000000000000000000000000000000000000
0000000000000000000000000000000000000000000000000000000000000000000000000000000000000000000000000000000000000000000000000000000000000000000000000000000000000000000000000000000000000000000000000000000000000000000000000000000000000000000000000000000000000000
1111111111111111111111111111111111111110111011011000100000000000000000000000000000000000000000000000000000000000000000000000000000000000000000000000000000000000000000000000000000000000000000000000000000000000000000000000000000000000000000000000000000000011
1111111111111010000000000000000000000000000000000000000000000000000000000000000000000000000000000000000000000000000000000000000000000000000000000000000000000000000000000000000000000000000000000000000000000000000000000000000000000000000000000000000000000000
0000000000000000000000000000000000000000000000000000000000000000000000000000000000000000000000000000000000000000000000000000000000000000000000000000000000000000000000000000000000000000000000000000000000000000000000000000000000000000000000000000000000000001
1010000100101001000001100100000000000000000000000000000000000000000000000000000000000000000000000000000000000000000000000000000000000000000000000000000000000000000000000000000000000000000000000000000000000000000000000000000000000000000000000000000000000000
0000000000000000000000000000000000000000000000000000000000000000000000000000000000000000000000000000000000000000000000000000000000000000000000000000000000000000000000000000000000000000000000000000000000000000000000000000000000000000000000000000000000000000
1111111101111101110000000000000000000000000000000000000000000000000000000000000000000000000000000000000000000000000000000000000000000000000000000000000000000000000000000000000000000000000000000000000000000000000000000000000000000000000000000000000000000000
0000000000000000000000000000000000000000000000000000000000000000000000000000000000000000000000000000000000000000000000000000000000000000000000000000000000000000000000000000000000000000000000000000000000000000000000000000000000000000000000000000000000000000
0000000000000000000000000000000000000000000000000000000000000000000011111101111111111111111111111111011110111101111111111111111111111111111111111110111111111111111111111111111111111111111111111111111111111111111111111111111111111111101111111111111111111111
0000000000000000000000000000000000000000000000000000000000000000000000000000000000000000000000000000000000000000000000000000000000000000000000000000000000000000000000000000000000000000000000000000000000000000000000000000000000000000000000000000000000000000
1111111000000000000000000000000000000000011111111111111111101111111111111011111111111111111111111111111111111111111111111111111111111000110000000000000000000000000000000000000000000000000000000000000000000000000000000000000000000000000000000000000000000000
1111111111111111111111111111111111111111111111111111111111110111111111111111111111111111111111111111111111111111111111110010010000000100001100001000001000101000000000010000000000000000000000000000000000000000000000000000000000000000000000000000000000000000
0000000000000000000000000000000000000000000000000000000000000000000000000000000000000000000000000000000000000000000000000000000000000000000000000000000000000000000000000000000000000000000000000000000000000000000000000000000000000000000000000000000000000000
0000000011111011011011111101111111111111111011111100000000111111111011111111111111111111111101000000000010000000000000000000000000000001111111111111010000000000000000000000000000000000000000000001111111111100111111111111011111111111111110000000001000001011
1111111011111111101111111110111111111111111111111111111111111111111111011111111011111111101111111111111111111001010110110001110110100010010001000000001011010000000000000000000000000000000000000000000000000000000000000000000000000000000000000000000000000000
1111111111111111111111111111111111111111111111111111111111111111111111111111111111111111111111111111111111111111111111111110111111111111111111111111111111111111111111111111111111011111111111111111111011101111100101001111000001000001000100001000100000000100
0001000000000000000000000101110011111111111100001111111100011101011001001001010010100100001000100100000100000110000000001010000010000000000001000010000110000000000000000000000000000000000000000000000000000000000000000000000000000000000000000000000000000000
1000110100000000000000000000000000000000000000000000000000000000000000000000000000000000000000000000000000000000000000000000000000000000000000000000000000000000000000000000000000000000000000000000000000000000000000000000000000000000000000000000000000000000
0000000000000000000000000000000000000000000000000000000000000000000000000000000000000000000000000000000000000000000000000000000000000000000000000000000000000000000000000000000000000000000001111111111111111111111111111111111111111111111111111111111111111110
1111111000100000000000000000000000000000000000000000000000000000000000000000000000000000000000000000000000000000000000000000000000011101101100011001011010110010111100000000001100001101000000000000000000000000000000000000000000000000000000000000000000000000
1111111111111111101111011110100001111110111101000000100000001100000000000000000000000000000000000000000000000000000000000000000000111111111111111111111111111111111111111111111001010001000000000000000000000000000111111111111111111011111111111111111111111111
1111111111111111101101111110111111111011100110010110111101110000011101001010111010000101100001000000000000000000000000000000000000000000000000000000000000000000000000000000000000000000111101011101000100110101101001001001010100001111010000000000000000000000
1111111111111111111111111111111111111111111111110011100000000010101100000101010000001000000000000000000000000000000000000000000000000000000000000000000000000000000000000000011111111100000000000000000000000000000111110111111111111111111111101111011111111110
0111111111111101111110011101100000111101010110000111000101100011101000000000110000000101000000000000000000001010000000000000000000000000000000000000000000000000000000000000000000000000000000000000000000000000000000000000000000000000000000000000000000000000
1101111111101100010011111111011111000010101110010010110000000000000000000000000000000000000000000000000000000000000000000000000000000000000000000000000000000000000000000000000000000000000000000000000000000011111111111111111111111111111111111110010101100000
1101110011100000000000000000000000000000000011111111111111111000000000000000000000000000000000000000000000000000000000000000000000000000000000000000000000000000000000000000000000000000000000000000000000000001111101111100000000000000000000000000000000000000
0000000000000011111111111011111111101111111111111111111111111111110000000000000000000000000000000000000000000000000000000000000000000000000000000000000000000000000000000000000000000000000000000000000000000000000000000000000000000000000000000000000000000000
0000000000000000000000000000000000000000000000000000000000000000000000000000000000000000000000000000000000000000000000000000000000000000000000000000000000000000000000000011001110010100000000000000000000000000000000000000000000000000000000000000000000000000
1111111110111111111111111111111111111111111111111111111111111111111111111111111111011111111011111111111111110100010000000000000000000000000000000000000000000000000000000000000000000000000000000000000000000000000000000000000000000000000000000000000000000000
0000000000000000001111110000000000011111111111111111111111111111111111111111111111111111111110111011000000000000000000000000000000000000000000000000000000000000000000000000000000000000000000000000000000000000000000000000000000000000000000000000000000000000
1011110110111010001101100110110000010000000000110000111001010000000000000000000000000000000000000000000000000000000000000000000000000000000000000000000000000000000000000000000000000000000000000000000000000000000000000000000000000000000000000000000000000000
0000000000000000000000000000000000000000000000000000000000000000000000000000000000000000000000000000000000000000000000000000000000000000000000000000000000000000000000000000011111111111100000000000011111111111111101010001000000000011111111111001000000000000
1111111111111111111111111011111111111111100101100011100100010000000000000000000000000000000000000000000000000000000000000000000000000000000000000000000000000000000000000000000000000000000000000000000000000000000000000000000000000000000000000000000000000000
1111111110000110010010001111000001001100111001000100000000001000000010010000000000000000000000000000000000000000000000000000000000000000000000000000000000000000000000000000000000000000000000000000000000000000000000000000000000000000000000000000000000000000
0000000000000000000101100100101010000000000000000000000000000000000000000000000000000000000000000000000000000000000000000000000000000000000000000000000000000000000000000000000000000000000000000000000000000000000000000000000000000000000000000000000000000000
1111111111111111111011111111111010111111111110111111111011100011100010010010101001011010010000101010000010000000000000000000000000000000000000000000000000000000000000000000000000000000000000000000000000000000000000000000000000000000000000000000000000000000
1111111111111111111111111011111111111111111111111111111111111111111111111110111110111110111101100000000000000000000000000000000000000000000000000000000000000000000000000000000000000000000000000000000000000000000000000000000000000000000000000000000000000000
1111111111111111111111111111111111111111111111111111101111111111110111111111111111110111110111111111101111111111010011111111101010110001100000000110110110010000000100011001000110010000001001110000100000000000000000000000000000000000000000000000000000000000
1111111111111111111111111000000000000000000000000000000000000000011111111011111111111111111111111111111111111011111111111111111111111111111110111111111111011111001101101010011010110001010100000100000000000000000000000000000000000000000000000000000000001100
0000000000000000000011110010000000000000000000000000000000000000000000000000000000000000000000000000000000000000000000000000000111111111101111111111111111111111111111111001111111101111111111111111111111111101111111000000000000000000000000001001000000000000
1111111111111111111111111111111111111111010101111011111111111110111010011011111100111111000001001000000000000000000000000000000000000000000000000000000000000000000000000000000000000000000000000000000000000000000000000000000000000000000000000000000000000000
0000000000000000000000000000000000000000000000000000000000000000000000000000000000000000000000000000000000000000000000000000000000000000000000000000000000000000000000000000000000000000000000000000000000000000000000000000000000000000000000000000000000000000
1111111111111111111111111111111011111111111111111111111111111111111111111111111111111111111111111111101111111111111111111111111111111111111010101000000000000000000000000000000000000000000000000000000000000000000000000000000000000000000000000000000000000000
0000000000000000000001111111111111111111111111111111111111111111111111111111111111111111111111111111111111111111111111111111101100110111001100100101000000000000000000000000000000000000000000000000000000000000000000000000000000000000000000000000000000000000
0000000000000000000000000000000000000000000000000000000000000000000000000000000000000000000000000000000000000000000000000000000000000000000000000000000000000000000000000000000000000000000000000000000000000000000000000000000000000000000000000000000000000000
0000000000000000000000000000000000000000000000000000000000000000000000000000000000000000000000000000000000000000000000000000000000000000000000000000000000000000000000000000000000000000000000000000000000000000000000000000000000000000000000000000000000000000
0000000000000000000000000000000000000000000000000000000000000000000000000000000000000000000000000000000000000000000000000000000000000000000000000000000000000000000000000000000000000000000000000000000000000000000000000000000000000000000000000000000000000000
0000000000000000000000000000000000000000000000000000000000000000000000000000000000000000000000000000000000000000000000000000000000000000000000000000000000000000000000000000000000000000000000000000000000000000000000000000000000000000000000000000000000000000
1101110011111100000000000000000000000000000000000000000000001110111111100110000111001101001011110000001000000110000100000010000101000000000000000000000000000000000000000000000000000000000000000000000000000000000000000000000000000000000000000000000000000000
0000000000000000000000000000000000000000000000000000000000000000000000000000000000000000000000000000000000000000000000000000000000000000000000000000000000000000000000000000000000000000000000000000000000000000000000000000000000000000000000000000000000000000
0000000000000000000000000000000000000000000000000000000000000000000000000000000000000000000000000000000000000000000000000000000000000000000000000000000000000000000000000000000000000000000000000000000000000000000000000000000000000000000000000000000000000000
0000000000000000000000000000000000000000000000000000000011111111111111111101111111111111101111010000100100000000010100000010001000000100001000000010000000000001000000000000000000000000000000000000000000000000000000000000000000000000000000000000000000000000
0000000000000000000000000000000000000000000000000000000000000000000000000000000000000000000000000000000000000000000000000000000000000000000000000000000000000000000000000000000000000000000000000000000000000000000000000000000000000000000000000000000000000000
0000000000000000000000000000000000000000000000000000000000000000000000000000000000000000000000000000000000000000000000000000000000000000000000000000000000000000000000000000000000000000000000000000000000000000000000000000000000000000000000000000000000000000
1111111111001111110101111111001000010010111100000001111000001111100011110001000010000000000000000000000000000000000000000000000000000000000000000000000000000000000000000000000000000000000000000000000000000000000000000000000000000000000000000000000000000000
1111110111111111101111111111111111111111111111111111111111111111111111111111111110111111111111111111111111111111111101111111111111111111111111111111111111111111111010100111011100111000010111110100101001000111000000010010000010000000000000000000000000000000
0000000000001011111000001010100000000000000000000000000000000000000000000011111111111111111111111111111111111111111111111111111111111111111111101111111111111111111111101000000000000000000000000000000000000000000000000000000000000000000000000000000000000000
0000000000000000000000000000000000000000000000000000000000000000000000000000000000000000000000000000000000000000000000000000000000000000000000000000000000000000000000000000000000000000000000000000000000000000000000000000000000000000000000000000000000000000
1110111001110100011011010000100000000000000000000000000000000000000000000000000000000000000000000000000000000000000000000000000000000000000000000000000000000000000000000000000000000000000000000000000000000000000000000000000000000000000000000000000000000000
0000000000000011010111100111101010000000000110000010000000100110000001010101000011100000000000010000000000000000000000000000000000000000000000000000000000000000000000000000000000000000000000000000000000000000000000000000000000000000000000000000000000000000
1011111101101101111111101111101101101010000100010010011010001000011010000001111001010000101101001000000011110000100000000000100100001001100000000000000000000000000000000000000000000000000000000000000000000000000000000000000000000000000000000000000000000111
1111111111011111111111011110110001010110011110101111000011100110000001101000000010000000000000000000000000000000000000000000000000000000000000000000000000000000000000000000000000000000000000000000000000000000000000000000000000000000000000000000000000000000
1111110111111011111101111100001111000011000011100000000010010000010000000000000000000000000000000000000000000000000000000000000000000000000000000000000000000000000000000000000000000000000000000000000000000000000000000000000000000000000000000000000000000000
1101111111111111111111111110111111111111111111111111111111111111111111111111111111111111111111111111111111111111101111111111111111111111110111111111111111111111111111111111111111111111111111011111111111111111111111011110110000000000000000011101111111111111
0000000000000000000000000000000000000000000000000000000000000000000001111111111111111111111111111111011111111111111111111111111111111111111111111111111111111111111111111111111111111111111111111111111111111111111000000000000000000000000000000000000000000000
0000000000000000000000000000000001111111111111111111111111111111111111111111111111111110111111011111111111010111001110100011001000000000000111010000000000000000000000000010000100010000000000000000000000000000000000000000000000000000000000000000000000000000
1111111111111111111111111111111111101000000000000000000001000000000000000000000000000000000000000000000000000000000000000000000000000000000000000000000000000000000000000000000000000000000000000000000000000000000000000000000000000000000000000000000000000000
1011010000000000000000000000000000000000000001101111000000110110010001011011011100000100000000100100010001000000000000100100100000000000000000000000000000000000000000000000000000000000000000000000000000000000000000000000000000000000000000000000000000000000
0000000000000000000000000000000000000000000000000000000000000000000000000111111111111111111111111010110001000000010000000000000000000000000000000000000000000000000000000000000000000000000000000000000000000000000000000000000000000000000000000000000000000000
1111111011111111111111111111011001100110101101101101111111010110100000000000000000000000000000000000010100000000000000000000000000000000000000000000000000000000000000000000000000000000000000000000000000000000000000000000000000000000000000000000000000000000
1001111011011100110101011110000111110111001010010010100000110000000000010000000000000000000000000000000000000000000000000000000000000000000000000000000000000000000000000000000000000000000000000000000000000000000000000000000000000000000000000000000000000000
1111111111111111111111111111111111111111111111111111110111111111111111111111111111111111111111111111111111111101111111101111111110111111111111111111111111111111111111011111111111111111111111110111111111111111111110100000000000000000000000000000000000000000
1111111111111111111111111111111111111111111111111111110111111111111111111111111110101100101000000000000111111111111111111001111111111111111111111111111111111111111111111111111111111111111110111111111111111111111111111111111011111011111111111111111110000000
0000000000000000000000000000000000000000000000000000000000000000000000000000000000000000000000000000000000000000000000000000000000000000000000000000000000000000000000000000000000000000000000000000000000000000000000000000000000000000000000000000000000000000
0001000000100000101100000001000001000000000000000000000000000000000000000000000000000000000000000000000000000000000000000000000000000000000000000000000000000000000000000000000000000000000000000000000000000000000000000000000000000000000000000000000000000000
1111111111111111111111111111111110111111111111111111111110011111001111111111111100100000000000000000000000000000000000000000000000000000000000000000000000011111111111111101111111111111111111111110110111011100111111101110111001011110101011100011111111111111
1111111111111111111111111111111111111111111111111111111111111111111111111111111011011111111101110001110101100000111101010011111111111111111111111111111111111111111111111111111111111111111111111111111111111111111111111111111110001111110011111101000001110111
0011001001001001110000000101110001000001100000000000000100100000000000100000110011100000000010010100000000001000110001000000000000000110100011000000110000001011000010000000000000000000000000000000000000000000000000000000000000000000000000000000000000000000
0010000011010000010100000011111100000011000101000000000000000001001100010001000000001000000000000000000000000000000000000000000000000000000000000000000000000000000000000000000000000000000000000000000000000000000000000000000000000000000000000000000000000000
0000000000000000000000000000000000000000000000000000000000000000000000000111000000000000000111111111111111110111111111011011111110111111111001111111011110111111111100011111110100100111101111000000000000011011000100001011010010000001100000101110000100110000
0010000010000000100001101001001000110100001000100000010011010001000010000000001110000000011000000000000000000000000100110000011000000001000000000000000000000000000000000000000000000000000000000000000000000000000000000000000000000000000000000000000000000000
1111111111111111111111111111110011111111111111111111111111111111111111111111111111111111111111111111111111111111111111111111111111111111111111111111111110111111111111111111111111111111111011110101101101110001010000100100101110111000101100000000010010100010
0000000000000000000000000000000000000000000000010000100000000000000000000000000000111111111111111111111111111111111111111111111111111111111111111111111010111100111101111101111111111111111111111111111111101111110101001111111111111101111011111111111111111111
0000000000000000000000000000000000000000000000000000000000000000000000000000000000000000000000000000000000000000000000000000000000000000000000000000000000000000000000000000000000000000000000000000000000000000000000000000000000000000000000000000000000000000
1011111111111111111111111111111111111111111111111111110111001010001100010000000100100000000000000000000000000000000000000000000000000000000000000000000000000000000000000000000000000000000000000000000000000000000000000000000000000000000000000000000000000000
1111111111111111101111111111111101111111111111101110001000010000000000000111111111111111111111111111001000001111111111111111111111011111111111111111011111111111111111111111111011111111111110111000000000000000000000000000000000000000000000000000000000000000
1111111111111111111111111111111111111111111111111110010001000010101000000000001101000101110000000000010000000000000000000000000000000000011111111111111111111111111111111111111111111111111111111111111111111111111101111111111111111111111111111111000000000000
1111101111111111101111111111111100001111101111001111000001100000001110010000010001100010000000000000000000000000000000000000000000000000000000000000000000000000000000000000000000000000000000000000000000000000000000000000000000000000000000000000000000000000
1011111111111111111111011111111111111101111111111011111011111000110001001011010111011110000100000000000000000000000000000000000000000000000000000000000000000000000000000000000000000000000000000000000000000000000000000000000000000000000000000000000000000000
0111111111111111111111111111111111111111111111111111111111111111111111111111111111111111111111111111111111111111111111111111111111111111111111111111111111111111111111111111111111111111111111111111111111111111111111111111111111111111111111111111111111111111
0100000000001100000000000000000000000000000000000000000000000000000000000000000000000000000011100101011000000110100100001000000000100000000000000000000000000000000000000000000000000000000000000000000000000000000000000000000000000000000000000000000000000000
0011111101111010101111010101101110111011101011111101001110010000000000000000000000000000000000000000000000000000000000000000000000000000000000000000000000000000000000000000000000000000000000000000000000000000000000000000000000000000000000000000000000000000
1111111111111111111111111111111111111111111111111111111111111111111111000000000000000000000000000000000000000000000000000000000000000000000000000000000000000000000000000000000000000000000000000000000000000000000000000000000000000000000000000000111111111111
0000010000000000000100000100110111011000010011011110111111001110110110100000000001000010010000000000100001000010000000000000100000000000000000000000000000000000000000000000000000000000000000000000000000000000000000000000000000000000000000000000000000000000
0000000000000000000001100010010010001110010000000000000000000000000000000000000000000000000000000000000000000000000000000000000000000000000000000010000000000000000000000000011111011111101111111111111111111111111111111111111111111111111111111111111111111110
1111111111111111111111101111111011111000001011000000100100000010100000000000000000000000000000000000000000000000000001111111111111111111111111111111111101111111111111111111111111111111111111111111111111111011111111111011101111011111111100111110111101101100
1111111111111111111111111111101111111111111111111110111111111111111000100001000100011001100010001000000000000000000000000000000000000000000000000000000000000000000000000000000000000000000000000000000000000000000000000000000000000000000000000000000000000000
1000111111101111111100000100100001111000100000011000011001010100000000000000000000000000000000000000000000000000000000000000000000000000000000000000000000000000000000000000000000000000000000000000000000000000000000000000000000000000000000000000000000000000
1100111111111111111101111111111010111111110101101111110111111100011010110100111001111011100001111001000001000000000000000000000000000000000000000000000000000000000000000000000000000000000000000000000000000000000000000000000000000000000000000000000000000000
0000110000000110001100000000000000000000000000000000000000000000000000000000000000111111111111111011111111111111111011101101111111111111111111111111111111111111111111111111111111110111111111111111111111011111110111111101111111011111111011101111111111111110
1111111111111110111111111111111101111101111111110110110111101111011111111111111111111111111111111111111111011111110111111001011111101111111111110111111111100110100000001000000010000000000000000000000000000000000000000000000000000000000000000000000000000000
1111111111111111111111111111110011111101111111111110111110011001100100000000000000000000000000000000000000000000000000000000000000000000000000000000000000000000000000000000000000000000000000000000000000000000000000000000000000000000000000000000000000000000
0000000000001000000000000000000000000000000000000000000000000000000000000000000000000000000000000000000000000000000000000000000000000000000000000000000000000000000000000000000000000000000000000000000000000000000000000000000000000000000000000000000000000000
1111111111111111111111111111111111111111111111111111111111111111111111111111111111111111111111111111111111111111111111111111111111111111111111111111111111111111111111110101111111111111110000000000000000000001111111111111111110001000000111111100001001100100
1111111111111111111111111111111111111111111111111111111111111111111111111111111111111111111111111110111111111111111111111111111111111111111111111111111111111111111111111111111111111111111111111111111111111111111111111111111111111111111111111111111111111111
1111111111111111111111111111111111111111111111111111111111111111111111111111111111111111111111111111111111111111111111111111111111111111111111111111111111111111111111111111111111111111111111111111111111111111111111111111111111111111111111111111111111111111
1111111111110110111010000001010010100011010000011110000000000000000000000000000000000000000000000000000000000000000000000000000000000000000000000000000000000000000000000000000000000000000000000000000000000000000000000000000000000000000000000000000000000000
0100100000000000000000000000000000000000000000000000000000000000000000000000000000000000000000000000000000000000000000000000000000000000000000000000000000000000000000000000000000000000000000000000000000000000000000000000000000000000000000000000000000000000
1111111101111111111111111111111111111111111111111111111111111111111111111111111111111111111111010000000000000000000000000000000000000000000000000000000000000000000000000000000000000000000000000000000000000000000000000000000000000000000000000000000000000000
0000010100100000100000000000111111111111111111111111111101111111111111111111111111011111111001111111111011111101100100000000000000000000000000000000000000000000000000000000000000000000000000000000000000000000000000000000000000000000000000000000000000000000
0000000000000000000000000000000000000000000000000000000000000000000000000000000000000000000000000000000000000000000000000000000000000000000000000000000000000000000000000000000000000000000000000000000000000000000000000000000000000000000000000000000000000000
1011101111111111011110011110000011000101000000000000101001001000001000100000000000001000000000000010000000000000000000000000000000000000000000000000000000000000000000000000000000000000000000000000000000000000000000000000000000000000000000000000000000000000
1110101111111111110111111011110111111111111111111111101111110111111011111111111111111101111011111111111101010111001011111100001000110001000011011110111011111010100000000000000000000000000000000000000000000000000000000000000000000000000000000000000000000000
0000000000000000000000000000000000000011111110110000000000000000000000001111111111111111111111111111111111111111011111111111111111111111111111110111011010111110111100110100111110001110111010000010001000000110000101000000000000000000000000000000000000000000
0110011100000111100001001010000000111000010100010000000000100010000000000000000000000000000000000000000000000000000000000000000000000000000000000000000000000000000000000000000000000000000000000000000000000000000000000000000000000000000000000000000000000000
1111111111111111111111111111111111111111111111111111110111111111111111111111111111111111111111111111111111111111111100110011101101111111101101100100111010001110000000010000000100000000000000000000000000000000000000000000000000000000000000000000000000000000
1111111111001111101111111111111011111101101110001101111110101111001011101011000001000000000000000000000000000000000000000000000000000000000000000000000000000001111111111010000000010100110011110110111110111111111110001110000010110000010001000000000000000000
1111111111111111111111101111111111101111101100111100011011000000100000000000001100000000000000000000000000111111110111111111111111111111111111111111111111111111111111110111111111111111111111111111110111111111111111111111111011111111111110111000000000000000
0000000000000000000000000000000000111000000000000000000000000000011111111111000000000000000000000000111111111111111111101110000001111111111111111111111111111111111111111111111111111111111111111111111110111111111011111101111111111111101111100001000000000000
1111111111111111111111111111111111111111111111111111111111111111111111011111111111111111111011111111111111111111111111111111111111111111111111111111111111111111111111111111111111101111111111111111111111100000000000000000000000001111111111111111101111111011
1111111111111111111111111111111111111111111111111111111111111111111111111111111111111111111111111111111111111111111101011111000011110000000000110010111000000010000000110000000000110000001000000000000000000000000000000000000000000000000000000000000000000000
1111111111111111111110111000100001111111110000000000000000000000000000000000000000000000000111101110000000000000000000000000000000000000000000000000000000000000000000000000000000000000000000000000000000000111111111111111111111101110111111111011111111111111
0000000000000000000000000000000000000000000000000000000000000000000000000000000000000000000000000000000000000000000000000000000000000000000000000000000000000000000000000000000000000000000000000000000000000000000000000000000000000000000000000000000000000000
1111111110111111111111111111111111111111110111111110101011110101110110001101100100110110101000001010100111000101110011000110000011001000000000100000100000100000000000000000000000000000000000000000000000000000000000000000000000000000000011111111100010100000
0111101111110011011111110000111110110110101011111001011111110010111101110101001111011001111010001101101111100011000000001000010010000001100000000000000010000000000000000000000000000000000000000000000000000000000000000000000000000000000000000000000000000000
1111111111111111111111111111111111111111111111111111111111111111111000010110000110100000000000000000000000000000000000000000000000000000000000000000000000000000000000000000000000000000000000000000000000000000000000000000000000000000000000000000000000000000
0000000000000000000000000000000000000000000000111111111111111111101111111111111100111111111111110111001111100000000101000000001100000010001000100001000000000000000000000000000000000000000000000000000000000000000000000000000000000000000000000000000111111110
1110111111101111111111111111111111110111111111111111111101011111111111111101111111111111111110101111011011111101111011111010100010100111011011111000000001100000000001001101000000100000100000110000100000000000000000000000000000000000000000000000000000000000
1111111111111111111111111111111111111111111111111111111111111111111111110111111111111111111111111111111111111111111111111111111111111111000000000000000000000000000000000000000000000000000000000000000000000000000000000000000000000000000000000000000000000000
0000000000000000000000100000000000000001100000000000000010000110000000000000000000000000000000000000000000000000000000000000000000000000000000000000000000000000000000000000000000000000000000000000000000000000000000000000000000000000000000000000000000000000
1111111111111111111111010000000000000000000000000000000000000000000000000000000000000000000000000000000000000000000000000000000000000000000000000000000000000000000000000000000000000000000000000000000000000000000000000000000000000000000000001111111110111111
0000000000000000000000000000000000000000000000000000000000000000000000000000000000000000000000000000000000000000000000000000000000000000000000000000000000000000000000000000000000000000000000000000000000000000000000000000000000000000000000000000000000000000
1111110011011011111111111111111111111111111111111111101111111111110011111111111111111111111111111110111111101101111111111111111111111111111111011111111111111111111111110111111111111111111111111111011111111111111111110100001000010000001100101101000100000100
1111111111111101111111111111111111100000000000000000000000000000000000000000000000000000000000000000000000000000000000000000000000000000000000000000000000000000000000000000000000000000000000000000000111111111111111111111111111111111011111111111111111111111
0000000000000000000000000000000000000000000000000000000000000000000000000000000000000000000000000000000000000000000000000000000000000000000000000000000000000000000000000000000000000000000000000000000000000000000000000000000000000000000000000000000000000000
0000000000000000000000000000000000000000000000000000000000000000000000000000000000000000000000000000011111111111111111111111111111111111111111111110011111111111111111111111111111111111111111111011111111111010111100111001111100000000000000000000000000000000
0111111111110100111111100110111101011101000011100111100010000000000000000000111010001110110101001000100010010010100100010100010010000100001110001001010001000101000000000000000000000000000000000000000000000000000000000000000000000000000000000000000000000000
1010001000100000000000000000000000000000000000000000000000000000000000000000000000000000000000000000000000000000000000000000000000000000000000000000000000000000000000000000000000000000000000000000000000000000000000000000000000000000000000000000000000000000
0000000000000000000000000000000000000000000000000000000000000000000000000000000000000000000000000000000000000000000000000000000000000000000000000000000000000000000000000000000000000000000000000000000000000000000000000000000000110111111111111111111111000000
0111111111111111111111111111111111111111111111111111111111111111111111111111111111111111111111111111111111111100000000000000000000000000000000000000000000000000000000000000000000000000000000000000000000000000000000000000000000000000000000000000000000000000
0000000000000000000000000000000000000000000000000000000000000000000000000000000000000000000000000000000000000000000000000000000000000000000000000000000000000000000000000000000000000000000000000000000000000000000000000000000000000000000000000000000000000000
0000000000000000000000000011111111111111111111111111111111110111111111111111111111100000000000000000000000000000000000000000000000000000000000000000000000000000000000000000000000000000000000000000000000000000000000000000000000000000000000000000000000000000
0010111111111011111110010101111110111110001011111111100011100101111111000100110110000101011000000100000000000000000000000000000000000000000000000000000000000000000000000000000000000000000000000000000000000000000000000000000000000000000000000000000000000000
0000000000000000000000000000000000000000000000000000000000000000000000000000000000000000000000000000000000000000000000000000000000000000000000000000000000000000000000000000000000000000000000000000000000000000000000000000000000000000000000000000000000000000
0000000000000000000000000000000000000000000011111111111111111111111111111111111111111111011111111110011111110110111100111100000000000000000000000000000000000000000000000000000000000000000000000000000000000000000000000000000000000000000000000000000000000000
0000000000000000000000000000000000000000000000000000000000000000000000000000000000000000000000000000000000000000000000000000000000000000000000000000000000000000000000000000000000000000000000000000000000000000000000000000000000000000000000000000000000000000
0000000000000000000000000000000000000000000000000000000000000000000000000000000000000000000000000000000000000000000000000000000000000000000000000000000000000000000000000000000000000000000000000000000000000000000000000000000000000000000000000000000000000000
0000000000000000000000000000000000000000000000000000000000000000000000000000000000000000000000000000000000000000000000000000000000000000000000000000000000000000000000000000000000000000000000000000000000000000000000000000000000000000000000000000000000000000
0000000000000000000000000000000000000000000000000000000000000000000000000000000000000000000000000000000000000000000000000000000000000000000000000000000000000000000000000000000000000000000000000000000000000000000000000000000000000000000000000000000000000000
0000000000000000000000000000000000000000000000000000000000000000000000000000000000000000000000000000000000000000000000000000000000000000000000000000000000000000000000000000000000000000000000000000000000000000000000000000000000000000000000000000000000000000
0000000000000000000000000000000000000000000000000000000000000000000000000000000000000000000000000000000000000000000000000000000000000000000000000000000000000000000000000000000000000000000000000000000000000000000000000000000000000000000000000000000000000000
0000000000000000000000000000000000000000000000000000000000000000000000000000000000000000000000000000000000000000000000000000000000000000000000000000000000000000000000000000000000000000000000000000000000000000000000000000000000000000000000000000000000000000
0000000000000000000000000000000000000000000000000000000000000000000000000000000000000000000000000000000000000000000000000000000000000000000000000000000000000000000000000000000000000000000000000000000000000000000000000000000000000000000000000000000000000000
1111111111111111111110111010100111111111111110101011101111111111111111111111111110111111111011111110110011111101110101101111011111111011111010101010011110111011110110111110110111011111110111100010111110110010001101101110011011111001111011111111111101000100
0000000000000000000000000000000000000000000000000000000000000000000000000000000000000000000000000000000000000000000000000000000000000000000000000000000000000000000000000000000000000000000000000000000000000000000000000000000000000000000000000000000000000000
0000001100000001000000000000000000000000000000000000000000000000000000000000000000000000000000000000000000000000000000000000000000000000000000000000000000000000000000000000000000000000000000000000000000000000000000000000000000000000000000000000000000000000
0000000000000000000000000000000000000000000000000000000000000000000000000000000000000000000000000000000000000000000000000000000000000000000000000000000000000000000000000000000000000000000000000000000000000000000000000000000000000000000000000000000000000000
1111111111111111111111000000101000000000000000000000000000000000000000000000000000000000000000000000000000000000000000000000000000000000000000000000000000000000000000000000000000000000000000000000000000000000000000000000000000000000000000000000000000000000
1111111111101110111111111111111111111111111111111111111100111111111111011111000111011101000010010100001101101011010100000000000100010000000000000000001100000000000000000000000000000000000000000000000000000000000000000000000000000000000000000000000000000000
1111111111111111111111111111111011111111111111111111111111100000000000000000000000000000000000000000000000000000000000000000000000000000000000000000000000000000000000000000000000000000000000000000000000000000000000000000000000000000000000000000000000000000
0000000000000000000000000000000000000000000000000000000000000000000000000000000000000000000000000000000000000000000000000000000000000000000000000000000000000000000000000000000000000000000000000000000000000000000000000000000000000000000000000000000000000000
0000000000000000000000000000000000000000000000000000000000000000000000000000000000000000000000000000000000000000000000000000000000000000000000000000000000000000000000000000000000000000000000000000000000000000000000000000000000000000000000000000000000000000
0000000000000000000000000000000000000000000000000000000000000000000000000000000000000000000000000000000000000000000000000000000000000000000000000000000000000000000000000000000000000000000000000000000000000000000000000000000000000000000000000000000000000000
0000000000000000000000000000000000000000000000000000000000000000000000000000000000000000000000000000000000000000000000000000000000000000000000000000000000000000000000000000000000000000000000000000000000000000000000000000000000000000000000000000000000000000
0000000000000000000000000000000000000000000000000000000000000000000000000000000000000000000000000000000000000000000000000000000000000000000000000000000000000000000000000000000000000000000000000000000000000000000000000000000000000000000000000000000000000000
0000000000000000000000000000000000001111111111111111110101001111110111111111110111111111111111111111111111111101111111111110101101111111111111011111111111111111111111111111111111111111111111111111111111111111111111111111111111111111111111111111111111111111
1111111111011111111111111011111111111111111111111111111111111111111111111111111111111111111111111111111111111111111111111111111111111111111111111111111111111111111111111111111111111111101111111110110101000011111111111111111100111111111111111101011111111111
0000000000000000000000000000000000000000000000000000000000000000000000000111111111101011010000000000000000000000000000000000000000000000000000000000000000000000000000000000000000000000000000000000000000000000000000000000000000000000000000000000000000000000
0000000000000000000000000000000000111011111111111111111111111111111111111111111111110101010001001000000000000000000000000000000000000111111111111111111111111111111111111111111111111111111111111111111111111111110010000010000000000111111111111111111111111110
0000000000000000000000000000000000000000000000000000000000000000000000000000000011111111110011111111001101111011110101110111111111101110100101111011000001000100100100000100100110000100010000010000000000100001000000000000100000000000000000000000000000000000
1110111111110011010100010011111100010111111000101101000001110000000000000000000000000000000000000000000000000000000000000000000000000000000000000000000000000000000000000000000000000000000000000000000000000000000000000000000000000000000000000000000000000000
0000000000000000000000000000000000000000000000000000000000000000000000000000000000000000000000000000000000000000000000000000000000000000000000000000000000000000000000000000000000000000000000000000000000000000000000000000000000000000000000011010110001111010
0000000000000000000000000000000000000000000000000000000000000000000000000000000000000000000000000000000000000000000000000000000000000000000000000000000000000000000000000000000000000000000000000000000011111110011111111100111111110111011110110111111001111111
0000000000000000000000000000000000000000000000000000000000000000000000000000000000000000000000000000000000000000000000000000000000000000000000000000000000000000000000000000000000000000000000000000000000000000000000000000000000000000000000000000000000000000
0000000000000000000000000000000000000000000000000000000000000000000000000000000000000000000000000000000000000000000000000000000000000000000000000000000000000000000000000000000000000000000000000000000000000000000000000000000000000000000000000000000000000000
0000000000000000000000000000000000000000000000000000000000000000000000000000000000000000000000000000000000000000000000000000000000000000000000000000000000000000000000000000000000000000000000000000000000000000000000000000000000000000000000000000000000000000
0000000000000000000000000000000000000000000000000000000000000000000000000000000000000000000000000000000000000000000000000000000000000000000000000000000000000000000000000000000000000000000000000000000000000000000000000000000000000000000000000000000000000000
0000000000000000000000000000000000000000000000000000000000000000000000000000000000000000000000000000000000000000000000000000000000000000000000000000000000000000000000000000000000000000000000000000000000000000000000000000000000000000000000000000000000000000
0000000000000000000000000000000000000000000000000000000000000000000000000000000000000000000000000000000000000000000000000000000000000000000000000000000000000000000000000000000000000000000000000000000000000000000000000000000000000000000000000000000000000000
0000000000000000000000000000000000000000000000000000000000000000000000000000000000000000000000000000000000000000000000000000000000000000000000000000000000000000000000000000000000000000000000000000000000000000000000000000000000000000000000000000000000000000
0000000000111111111111111111111111001000000000000000010000000000010000000000000000000000000000000000000000000000000000000000000000000000000000001110111101111101111111111111111111111111111111111111111111111111111111111110110111111111111111111111111111111110
0000000000000000000000000000000000000000000000000000000000000000000000000000000000000000000000000000000000000000000000000000000000000111111111111111111111110111111111111111111111011111111010111111111111111111110111111111111111111111111110000000000000000000
1111011110111111111111110000000000000000000000000000000000000000000000000000000000000000000000000000111111111111111111111111111111111111111111111111110110111111111111101001101000000000000000000000000000000000000000000000000000000000000000000000000000000000
1111111111111100000000000000000000001111011010011100000001000000000000000000000000000111111111111111111111111111111111111111111111110000000000000000000000000000000000000000111111111111110000000000000000000000000000000000000000000000000000000000000000000000
0000000100000000110000000000000000000000000000000000000000000000000000000000000000000000000000000000000000000000000000000000000000000000000000000000000000000000000000000000000000000000000000000000000000000000000000000000000000000000000000000000000000000000
0000000000000000000000000000000000000000000000000000000000000000000000000000000000000000000000000000000000000000000000000000000000000000000000000000000000000000000000000000000000000000000000000000000000000000000000000000000000000000000000000000000000000000
0000000000000000000000000000000000000000000000000000000000000000000000000000000000000000000000000000000000000000000000000000000000000000000000000000000000000000000000000000000000000000000000000000000000000000000000000000000000000000000000000000000000000000
0000000000000000000000000000000000000000000000000000000000000000000000000000000000000000000000000000000000000000000000000000000000000000000000000000000000000000000000000000000000000000000000000000000000000000000000000000000000000000000000000000000000000000
1111111111111111111110111111111111111111111111111111110111111111101111110111111111111111111111111110101110001111100000000000000000000000000000000000000000000000000000000000000000000000000000000000000000000000000000000000000000000000000000000000000000000000
0100110111101101111000100111001010010000000000000000000000000000000000000000000000000000000000000000000000000000000000000000000000000000000000000000000000000000000000000000000000000000000000000000000000000000000000000000000000000000000000000000000000000000
0000000000000000000000000000000000000000000000000000000000000000000000000000000000000000000000000000000000000000000000000000000000000000000000000000000000000000000000000000000000000000000000000000000000000000000000000000000000000000000000000000000000000000
0000000000000000000000000000000000000000000000000000000000000000000000000000000000000000000000000000000000000000000000000000000000000000000000000000000000000000000000000000000000000000000000000000000000000000000000001111111111111101111101001111111111110111
0000000000000000000000000000000000000000000000000000000000000000000000000000000000000000000000000000000000000000000000000000000000000000000000000000011000100000000000000000000000000000000000000000000000000000000000000000000000000000000000000000000000000000
0111111111111111111111111111111111111111111111111111111011111111111111111111111101101011111111111111111011111111111111111111111110010111111101111101111011001000000011011000010000101010000100100000000000000000000000000000000000000000000000000000000000000000
1111111101101111110111101101000101100000100100001010010000101100001011111010011010001011011111111111111100110000000000000000000000000000000000000000000000000000000000000000000000000000000000000000111111111101111111111011111111111100000000000000000000000000
0000000000000000000000000000000000000000000000000000000000000000000000000000000000000000000000000000000000000000000011011111111111111111111111111111111111101100000000000000000000000000000000000000011100010100100111001101000100101001001100000001000100000000
1111111111111111111111111111111111111111111011111111111111111111111111111110100000000000000000000000000000000000000000000000000000000000000000000000000000000000000000000000000000000000000000000000000000000000000000000000000000000000000000000000000000000000
0000000000000000000000000000000000000000000000000000000000000000000000000000000000000000000000000000000000000000000000000000000000000000111111111111111111111111111111111111110110110100000000011111111111111110111111111010000000000000000001111111101111111111
1111110011101001010001000000000000000000000000000000000000000000000000000000000000000000000000000000000000000000000000000000000000000000000000000000000000000000000000000000000000000000000000000000000000000000000000000000000000000000000000000000000000000000
0000000000000000000000000000000000000000000000000000000000000000000000000000000000000000000000000000000000000000000000000000000000000000000000000000000000000000000000000000000000000000000000000000000000000000000000000000000000000000000000000000000000000000
0000000000000000000000000000000000000000000000000000000000000000000000000000000000000000000000000000000000000000000000000000000000000000000000000000000000000000000000000000000000000000000000000000000000000000000000000000000000000000000000000000000000000000
0000000000000000000000000000000000000000000000000000000000000000000000000000000000000000000000000000000000000000000000000000000000000000000000000000000000000000000000000000000000000011111111010000000011111111100111111111111111111111111111111111111111011110
0000000000000000000000000000000000000000000000000000000000000000000000000000000000000000000000000000000000000000000000000000000000000000000000000000000000000000000000000000000000000000000000000000000000000000000000000000000000000000000000000000000000000000
1111111111101111111111111111111111111111111111111001111111111111111111111111111111111111111111011111111111111111111101110110111101110001110100100110000100000011100100100000000000000000000000111111111111111111111111111111111111111111011111110111111111111111
1110100110001001010110001100000010000000000000000000000000000000000000000000000000000000000000000000000000000000000000000000000000000000000000000000000000000000000000000000000000000000000000000000000000000000000000000000000000001011110100100000000000000000
0000000000000000000000000000000000000000000000000000000000000000000000000000000000000000000000000000000000000000000000000000000000000000000000000000000000000000000000000000000000000011101111001000111110000110001001111000000000000000000000000110000100000000
0000000000000000000000000000000000000000000000000000000000000000000000000000000000000000000000000000000000000000000000000000000000000000000000000000000000000000000000000000000000000000000000000000000000000000000000000000000000000000000000000000000000000000
0000000101011000101010100001100000001011000100000010100100101001000000011000000010001010110000000100000000000111001001001000000000000000000000000000000000000000000000000000000001000000000000000000000000000000000000000000000000000000000000000000000000000000
1100001101001010001001001001010001111100011101000100001000110110010011110100000000000000000000000000000000000000000000000000000000000000000000000000000000000000000000000000000000000000000000000000000000000000000000000000000000000000000000000000000000000000
0000000000000000000000000000000000000000000000000000000000000000000000000000000000000000000000000000000000000000000000000000000000000000000000000000000000000000000000000000000000000000000000000000000000000000000000000000000000000000000000000000000000000000
1111101001101111111011111100011101001001101010100011000100000000000000000000000000000000000000000000000000001111111111101111000000000000000000000000000000000000000000000000000000000000000000000000000000000000000000000000000000000000000000000000000000000000
0000000000000000000000000000000000000000000000000000000000000000000000000000000000000000000000000000000000000000000000000000000000000000000000000000000000000000000000000000000000000000000000000000000000000000000000000000000000000000000000000000000000000000
0000000000000000000000000000000000000000000000000000000000000000000000000000000000000000000000000000000000000000000000000000000000000000000000000000000000000000000000000000000000000000000000000000000000000000000000000000000000000000000000000000000000000000
0000000000000000000000000000000000000000000000000000000000000000000000000000000000000000000000111111111111111111101111111111111111111111111110011111100110101110111111110110110011101111111010010000001101100011000100010100000100100000000000000000000000000000
1110111111111111111111111111111111111111111111111111111111111111111111011111111111111111111011111111111111111111111111111111111111111111111111111011111111111111111011111111011011111111111111111111111111111111111011111111111111111101011110100000000000000000
0000000000000000000000000000000000000000000000000000000000000000000000000000000000000000000000000000000000000000000000000000000000000000000000000000000000000000000000000000000000000000000000000000000000000000000000000000000000000000000000000000000000000000
0000000000000000000000000000000000000000000000000000000000000000000000000000000000000000000000000000000000000000000000000000000000000000000000000000000000000000000000000000000000000000000000000000000000000000000000000000000000000000000000000000000000000000
0000000000000000000000000000000000000000000000000000000000000000000000000000000000000000000000000000000000000000000000000000000000000000000000000000000000000000000000000000000000000000000000000000000000000000000000000000000000000000000000000000000000000000
0000000000000000000000000000000000000000000000000000000000000000000000000000000000000000000000000000000000000000000000000000000000000000000000000000000000000000000000000000000000000000000000000000000000000000000000000000000000000000000000000000000000000000
1111111111111111111111111111111111111111110010011111000000000000000000000000000011100000000000000000000000000011111111111111101000010100001111111111111111110001010010000000000000000011111111111111111111110111100000000000000000000000000000000000000000000000
0000000000000000000000000000000000000000000000000000000000000000000000000000000000000000000000000000000000000000000000000000000000000000000000000000000000000000000000000000000000000000000000000000000000000000000000000000000000000000000000000000000000000000
0000000000000000000000000000000000000000000000000000000000000000000000000000000000000000000000000000000000000000000000000000000000000000000000000000000000000000000000000000000000000000000000000000000000000000000000000000000000000000000000000000000000000000
0000000000000000000000000000000000000000000000000000000000000000000000000000000000000000000000000000000000000000000000000000000000000000000000000000000000000000000000000000000000000000000000000000000000000000000000000000000000000000000000000000000000000000
0000000000000000000000000000000000000000000000000000000000000000000000000000000000000000000000000000000000000000000000000000000000000000000000000000000000000000000000000000000000000000000000000000000000000000000000000000000000000000000000000000000000000000
0000000000000000000000000000000000000000000000000000000000000000000000000000000000000000000000000000000000000000000000000000000000000000000000000000000000000000000000000000000000000000000000000000000000000000000000000000000000000000000000000000000000000000
0000000000000000000000000000000000000000000000000000000000000000000000000000000000000000000000000000000000000000000000000000000000000000000000000000000000000000000000000000000000000000000000000000000000000000000000000000000000000000000000000000000000000000
0000100000000000000000000000000000000000000000000000000000000000000000000000000000000000000000000000000000000000000000000000000000000000000000000000000000000000000000000000000000000000000000000000000000000000000000000000000000000000000000000000000000000000
0000000000000000000000000000000000000000000000000000000000000000000000000000000000000000000000000000000000000000000000000000000000000000000000000000000000000000000000000000000000000000000000000000000000000000000000000000000000000000000000000000000000000000
0000000000000000000000000000000000000000000000000000000000000000000000000000000000000000000000000000000000000000000000000000000000000000000000000000000000000000000000000000000000000000000000000000000000000000000000000000000000000000000000000000000000000000
0000000000000000000000000000000000000000000000000000000000000000000000000000000000000000000000000000000000000000000000000000000000000000000000000000000000000000000000000000000000000000000000000000000000000000000000000000000000000000000000000000000000000000
0000000000000000000000000000000000000000000000000000000000000000000000000000000000000000000000000000000000000000000000000000000000000000000000000000000000000000000000000000000000000000000000000000000000000000000000000000000000000000000000000000000000000000
1111111111111111111111111111111111111110111110111111111111111111111111111111111111110000010000000000000000000000000000000000000000000000000000000000000000000000000000000000000000000000000000000000000000000000000000000000000000000000000000000000000000000000
0000000000000000000000000000000000000000000000000000000000000000000000000000000000000000000000000000000000000000000000000000000000000000000000000000000000000000000000000000000000000000000000000000000000000000000000000000000000000000000000000000000000000000
