0000000000000000000000000000000000000000000000000110010000000000000000000000000000000000000000000000000000000000000000000000000000000000000000000000000000000000000000000000000000000000000000000000000000000000000000000000000000000000000000000000000000000000
0000000000000000000000000000000000000000000000000000000000000000000000000000000000000000000000000000000000000000000000000000000000000000000000000000000000000000000000000000000000000000000000000000000000000000000000000000000000000000000000000000000000000000
0000111101111000111111111110010111111111111110111111011111111111111110111111111101111101111111111111111111111011111111101111111101111101101110110001101110111111111111011111001110110111101111111111011111111111101111110000000000000000000000000000000000000000
0000000000000000000000000000000000000000000000000000000000000000000000000000000000000000000000000000000000000000000000000000000000000000000000000000000000000000000000000000000000000000000000000000000000000000000000000000000000000000000000000000000000000000
0000000000000000000000000000000000000000000000000000000000000000000000000000000000000000000000000000000000000000000000000000000000000000000000000000000000000000000000000000000000000000000000000000000000000000000000000000000000000000000000000000000000000000
0000000000000000000000000000000000000000000000000000000000000000000000000000000000000000000000000001011111111110101011001010111111111011111010101111101011111111111111111011111011011100011111110101111111011001101110111111111111001111110101111111111110010100
0100000000000000000000000000000000000000000000000000000000000000000000000000000000000000000000000000000000000000000000000000000000000000000000000000000000000000000000000000000000000000000000000000000000000000000000000000000000000000000000000000000000000000
0100101111101110100111110011111111111101110111111101110111100110111110111111100101111111101110111111011111111111111111110110110111110101011111110111111101110111111111101100111111111111011111111111111010111111110100111111111011111111111111100011000000000100
0100101101010011110111111011111101111001111101001111111111011101011011111111010100010000000000000000000000000000000000000000000000000000000000000000000000000000000000000000000000000000000000000000000000000000000000000000000000000000000000000000000000000000
0000000000000000000000000000000000000000000000000000000000000000000000000000000000000000000000000000000000000000000000000000000000000000000000000000000000000000000000000000000000000000000000000000000000000000000000000000000000000000000000000000000000000000
0000000000000000000000000000000000000000000000000000000000000000000000000000000000000000000000000000000000000000000000000000000000000000000000000000000000000000000000000000000000000000000000000000000000000000000000000000000000000000000000000000000000000000
0000000000000000000000000000000000000000000000000000000000000000000000000000000000000000000000000000000000000000000000000000000000000000000000000000000000000000000000000000000000000000000000000000000000000000000000000000000000000000000000000000000000000000
0000000000000000000000000000000000000000000000000000000000000000000000000000000000000000000000000000000000000000000000000000000000000000000000000000000000000000000000000000000000000000000001000000000000000000000000000000000000000000000000000000000000000000
0000000000000000000000000000000000000000000000000000000000000000000000000000000000000000000000000000000000000000000000000000000000000000000000000000000000000000000000000000000000000000000000000000000000000000000000000000000000000000000000000000000000000000
0100000000000000000000000000000000000000000000000000000000000000000000000000000000000000000000000000000000000000000000000000000000000000000000000000000000000000000000000000000000000000000000000000000000000000000000000000000000000000000000000000000000000000
0000000000000000000000000000000000000000000000000000000000000000000000000000000000000000000000000000000000000000000000000000000000000000000000000000000000000000000000000000000000000000000000000000000000000000000000000000000000000000000000000000000000000000
0000000000000000000000000000000000000000000000000000000000000000000111001101111101110101111111010111101110100000111001110010001101111111101001111111100000001101011100000000000000000000000000000000000000000000000000000000000000000000000000000000000000000000
0000000000000000000000000000000000000000000000000000000000000000000000000000000000000000000000000000000000000000000000000000000000000000000000000000000000000000000000000000000000000000000000000000000000000000000000000000000000000000000000000000000000000000
0000000000000000000000000000111111100000100010100000100001001100100000000000000000000000000000000000000000000000000000000000000000000000000000000000000000000000000000000000000000000000000000000000000000000000000000000000000000000000000000000000000000000000
0000001100110011000000000100000000000000000000000000000000000000000000000000000000000000000000000000000000000000000000000000000000000000000000000000000000000000000000000000000000000000000000000000000000000000000000000000000000000000000000000000000000000000
0111111101111111111110111111111111111001110111111111111110111010111111100010001111111111110100000000000110011101101111001111111111110111111111001110100000000000000000000000000000000001111010101111111111111011111011111011111111111100111100001100110111000000
0110011111111111100111111011011101111011010001010000000010100000000000000000000000000000000000000000000000000000000000000000000000001100000000011000000000000000000000000000000000000000000000000000000000000000000000000000000000000000000000000000000000000000
0011101110111111111101111110100011101111001000000111011010101110001101100010000001010000000000100000000000000000000000000000100000100000001011011001000000000100001000000101010000011000100010000100000000000000000000000000000000000000000000000000000000000000
0110110101000000000100100010100111000000100001000010100110010001000000000000000000000000000000000000000000000000000000000000000000000000000000000000000000000000000000000000000000000000000000000000000000000000000000000000000000000000000000000000000000000000
0111001111110110111110110111101111111110110101110001000000001001110110111101000000100011001000100000000100010100100100001010000101000001010011110000000001000000010001100010100000010000010100010001100110010010100111000001000000010010000001000010010000000000
0011111110110010000100011000000010000100000100000001000000000000000000000000000000000000000000000000000000000000000000000000000000000000000000000000000000000000000000000000000000000000000000000000000000000000000000000000000000000000000000000000000000000000
0000000000000000000000000000000000000100000000001000000000000000000000000000000000000000000000000000000000000000000000000000000000000000000000000000000000000000000000000001000000100001000101000000000000000000000000000000000001000000000000000000000000000000
0000000000000000000000000000000000000000000000000000000000000000000000000000000000000000000000000000000000000000000000000000000000000000000000000000000000000000000000000000000000000000000000000000000000000000000000000000000000000000000000000000000000000000
0101100000001011000010000000010000000000010000000000000000000000000000000000000000000000000000000000000000000000000000000000000000000000000000000000000000000000000000000000000000000000000000000000000000000000000000000000000000000000000000000000000000000000
0111111101110011101111011111100101101011011110100001111000000000000000000000000000000000000000000000000000000000000000000000000000000000000000000000000000000000000000000000000000000000000000000000000000000000000000000000000000000000000000000000000000000000
0110101010100001000000000000000000000000001010000001100001100000001001000001010010001001011001100000100010000000100000000000000000001000000000000000000000100000001000000010000000000000000100000000000000001000000000000000000000000000000000000000000000000000
0111100011011110111010110010101101000000000011000000000000001010111010000000001000101000000000000000000000000000000000000000000010000000110000000000000000000000000000000000000000000001000000000000100000000001000000000100000000000000000000000000000000000000
0101111010100001110010010100010001000000000000000000000000000000000000000000000000000000000000000001000000000000000000000000000000000000000000000000000000000000000000000000000000000000000000000000000000000000000000000000000000000000000000000000000000000000
0000000000000000000000000000000000000000000000000000000000000000000000000000000000000000000000000000000000000000000000000000000000000000000000000000000000000000000000000000000000000000000000000000000000000000000000000000000000000000000000000000000000000000
0000000000000000000000000000000000000000000000000000001000101010100101111111001110000011111111100010110010011100110111111110011101001100001110000000011000001000000000000000000000000000000000000000000000000000000000000000000000000000000000000000000000000000
0110110110011100011111010100000001111010001000011001000000000000111110000100110011110100100100011110011000101100010000000000000000000000000000000000000000000000000000000000000000000000000000000000000000000000000000000000000000000000000000000000000000000000
0111111100101001110000000100101011010100001000100010100011000010010000000000000000100000000000000000000000000000000000000000000000000000000000000000000000000000000000000000000000000000000000000000000000001110000000000000000000000000000000000000000000000000
0111011101101010100010101001100011010100100010010000000001000000000100000101000000001010000000000000001100000000000000110000001000001101101000100010000100000000000000000000100001011000100000011001000000010001000010000010010000000000000000000000000000000000
0101111111111111110011111111100000000000000001000000000000000000000000000000000000001110000110110001101001001100000000000000000000000000000000000000000000000000000000000000000000000000000000000000000000000000000000000000000000000000000000000000000000000000
0111111111111001110111111111011111110001111100111011100101100011100011111010110011000111010111111010110011000000000000000000000000000000000000000000000000000000000000000000000000000000000000000000000000000000000000000000000000000000000000000000000000000000
0100000000000000001101010001010001000100110000000000000000000000000000000000000000000000000000000000000000000000000000000110011101111101100001100010001000011110111110101101010011101010000000000000000000000000000000000000000000000000000000000000000000000000
0111011111100000000000000001000000010010000001001010100000101010010000000000000010000000000000000000000000000000000000000000000100000000000000001010000000000000000000000000000000000000000000000000000000000000000001111000110111100000000000000000000000000000
0111010000000001100001011011101010000101101111100110001111000100001000010000000001111101100100011100110011101100100111100000000001000100001001100000000000000000000000000000000000000000000000000000000000000000000000000000000000000000000000000000000000000000
0111000000100101001001101000011001110000111111011110111111111111110111011111100110000010001101101011111011100110010101111111000101110111000110110010010000011000001111011000111110101000100100011000001001110110100101000100100000011000001011001110111100011000
0010010010010100001010000000010010000000000000000000000000000010000001000000000000000010000000000000000101000000000000000000110000100000000000000100000010010000000000000100000000010000001000000000000000000000000101000000000000000000000000000001000000000000
0000000000000011000111111111101111111101110101010111110111101111111100000000000000000000000000001000000011111110111111111111101111101111101111111111110001110011011010011110000111111011010010011111111110111111100000000000000000000000000000000000000000000000
0111101110000000000000000000000000000000000101000000000000000000000000000000000000000000000000000000000000000000000000000000000000000000000000000000000000000000000000000000000000000000000000000000000000000000000000000000000000000000000000000000000000000000
0000000000000000000000000000000000000000000000000000000000000000000000000000000000000000000000000000000000000000000000000000000000000000000000000000000000000000000000000000000000000000000000000000000000000000000000000000000000000000000000000000000000000000
0111111110110001000000000100100000000000000000000000000000000000000000000000000010000000010000000000000000000000000000000000000000000000000000000000000000000000000000000000000000000000000000000000000000000000000000000000000000000000000000000000000000000000
0111111101111101101111100010011001101111000011011001001001001101000100001000010000000000000000000000000000000000000000000000000000000000000000000000000000000000000000000000000000000000000000000000000000000000000000000000000000000000000000000000000000000000
0110101011011101010110000000111101011010000011001100101101010100000101010110111100001111101110010001011110100100011001100110001010011100001010100000110101000000000100000000000000000000000000000000000000000000000000000000000000000000000000000000000000000000
0111101111111010110111111111101111111010010101110000001110100000100010100001110000110000001000000000110001011000011001000000110000100001110000100110001011000010100000001000100110000000101010000000100000000000000000000000000000000000000000000000000000000000
0111101111110111000000000001000000000000000000000010010100001000000000000000000000000000000000000000000000000000000000000000000000000000000000000000000000000000000000000000000000000000000000000000000000000000000000000000000000000000000000000000000000000000
0101110100100101011000000000101100011000010001111000001000000000101001001100001000001100000000000001000100100010000100000000000000000010010001110000001110100100010000010000000100000000000001010100001100100101000010000100000000000000101000001000000000000000
0111101101100111101000100100010111001111111100100101111011101101011111111110101001000001000010000000010001000100000000000000000000000000000000000000000000000000000000000000000000000000000000000000000000000000000000000000000000000000000000000000000000000000
0100001000000000000000000000000000000000000000000000000000000000000000000000000000000000000000000000000000000000000000000000000000000000000000000000000000000000000000000000000000000000000000000000000000000000000000000000000000000000000000000000000000000000
0110011010100011000011000001010000000000000000000000000000000000000000000000000000000000000000000000000000000000000000000000000000000000000000000000000000000000000000000000000000000000000000000000000000000000000000000000000000000000000000000000000000000000
0100000000000000000000000000000000000000000000000000000000000000010000000000000000000000000000000000000000000000000000000000000001000000000000000000000000000000000000000000000000000000000000000000000000000000000000000000000000000000000000000000000000000000
0100011110111011111111111110111111111111111111010110101111110110010010111100011000000000000000000000000000000000000000000000000001001111000000000000000000000000000000000000000000000000000000000100100000000000000000000000000000000000000000000000000000000000
0000000000000000000000000000000000000000000000000000000000000000000000000000000000000000000000000000000000000000000000000000000000000000000000000000000000000000000000000000000000000000000000000100000000000000000000000000000000000000000000000000000000000000
0100000001100000000100000000000000000000000000010100010000010000010011000011011001001101110011110111100011000010000000000000000001000101111110111110100001110000000000000000000000000000000000000000000000000000000000000000000000000000000000000000000000000000
0111110101110111100101010111110110110101110110100110110110101000001011100011111011100011010001111101111001110110010010100111001101011110100111010111100000001000000101000010001000000000100000010000110000010001010000000000000000000000000000000000000000000000
0110111010111000011111100000101001010010101101111101011000000000000000000000000000000000000000000000000000000000000000000000000000000000000000000000000000000000000000000000000000000000000000000100111101011110111111111111011011111111111111111101111111111100
0110000000000000000000000000010000000000000000000000000000000000000000000000000000000000000000000000000000000000000000000000000000000000000000000000000000000000000000000000000000000000000000000000000000000000000000000000000000000000000000000000000000000000
0000000000000000000000000000000000000000000000000000000000000000000000000000000000000000000000000000000000000000000000000000000000000000000000000000000000000000000000000000000000000000000000000000000000000000000000000000000000000000000000000000000000000000
0110010000000000000010001100100101000000001001000000011000010100000000100100100010000100000011000000000000000000000000000000000000000000000000000000000000000000000000000000000000000010000000000000000000000000000000000000000000000000000000000000000000000000
0111110111111010101011110101011110011011100010011011111111111111100100111101000000001100000010001011000001101101010000001000001000000000110000001000000000000010000000001001011000000000000100000000000000000000001000000000000000000000000000001000000000000000
0000000000000000000000000000000000000000110011001011100000000000000000000011001000010000100000000000010000000100001000000000000000000000000000000000000000000000000000000000000000000000000000000000000000000000000000000000000000000000000000000000000001001000
0100000000000010000000000000000001000000000000000000000000000101010110100110001011010011001010000111100000111001010011101101001011001101011111110100100000001110010111010001010110001111000001011000111111000111000000000010000001100000010110001100100001001110
0000000000000000000000000000000000000000000000000000000000000000000000000000000000000000000000000000000000000000000000000000000001001000000000000000000000000000000000000000000000000000000000000100000000000000000000000000000000000000000000000000000000000000
0000000000000000000000000000000000000000000000000000000000000000000000000000000000000000000000000000000000000000000000000000000000000000000000000000000000000000000000000000000000000000000000000000000000000000000000000000000000000000000000000000000000000000
0101111011111011111100110100110111111110101100001100100011111111111110111011111101110111100101101101010111011000000011100111000110001000001111000101011011001111110100011100110001000001110010100000110001000011000001011100010001011000100010011001010000111010
0110101111000111100101111011110011110111101101011001111001011101110000011010011111101100011001110101111110111011101011000101011011111101011011100111011001000000000000000000000000000000000000000000000000000000000000000000000000000000000000000000000000000000
0111110111110011000000111010110000100101000000010000010000000000000100001010000000000100000000000000000000000000000000000000000001001000000000000000011011100011111011111111110011111110110100001100100000100010001000000001000100001000000011000010001100000000
0000000000000000000000000000000000000000000000000000000000000000000000000000000000000000000000000000000100011110111001111101001011101111001111100110011001001001010101010000000000001000101000000001000000000000110000000000000000000000000000000001011010000000
0000000000000000000000000000000000000000000000000000000000000000000000000000000000000000000000000000000000000000000000000000000000000000000000000000000000000000000111010101010010100000100000100000011100111001010001110110010111101110000010100011101100100000
0000000001111101011011110111011011100101110111111011110010111010011011100101011101110011101110000000000000000000000000000000000000000000000000000000000000000000000000000000000000000000000000000000000000000000000000000000000000000000000000000000000000000000
0101010111111011111011101111011111100010100001101001011111110011101100101011110100000010101010001101000101000100001000111000000010100000000001000000000000000000000000000000000000000000000000000000000000000000000000000000000000000000000000000000000000000000
0000000000000000000000000000000000000000000000000000000000000000000000000000000000000000000000000000000000000000000000000000000000000000000000000000000000000000000000000000000000000000000001000110010011001110000100000011110011100100100110010000000000001010
0000000000000000000000000000000000000000000000000000000000000000000000000000000000000000000000000000000000000000000000000000000000000000000000000000000000000000000000000000000000000000000000000000000000000000000000000000000000000000000000000000000000000000
0000000000000000000000000000000000000000000000000000000000001111100011000000000010001000000000100000000100000000000000000000000000000000000000000000000000000000000000000001000000000000000000000000000000000000000000000000000000000000000000000000000000000000
0000000000000000000010000100000010000000000000000000000000000000000000000000000000000000000000000000000000000000000000000000000000000000000000000000000000000000000000000000000000000000000000000000000000000000000000000000000000000000000000000000000000000000
0100001011011111110111111101110110011110111111111011110111100011111110011000000001000000111000000000000100000000000000000000000000000000000000001101000101101001100101000110011101110010111010111101000000111011001011100011111101110011011001111100000110111100
0000000000000000000000000000000000000000000000000000000000000000000000000000000000000000000000000000000000000000000100000000000000000000000000000000000000000000000000000000000000000100010000001110110000000000000000000000000000000000000000000000000000000000
0110100111111110110111100111101011111110010001110111011110111111110011111001100001100010100000000001100010000000000000000011100111000000000000000000000000000000000110001110000000000000000000110101101100001111110100110011001000000000001101110001000000000000
0000000000000000000000000010001111100001000010101001000100010100000100101000000000000000000000100011011001000100100010000101001000000000001000000000000000010000000000000000000000000000000000000000000000000000000000000000000000000000000000000001100000000000
0111111111111111111101001111110110111111011011101101111111001011111111111111111111111111010110111011111111011010011111010000001001101010000000000011000000000100000010000000000010001010111010000001000110001000000000000010000101110000000000010010010000110000
0100000000000000000000000000000000000000000000001101000000010111110101111111111011100000011101111111000001111111111110101101110000111101111100110100001000000000001001000000000000011111111110001111110111111111101111111111111111111011111110111111110111111010
0100000011010001000100001000000010111100010100000000010000100000000000001000000000111010000000001000100010111011000101110100000000000000000000000000000000000000000000000000000000000000000000000000000000000000000000000000000000000000000000000000000000000000
0000000000000000000000000000000000000000000000000000000000000000000000000000000000000000000000000000001000000000000000000000000000000000000000000000000000000000000000000000000000000000000000000000000000000000000000000000000000000000000000000000000000000000
0000000000000000000000000000000000000000000101110001110100111001110010100110011010010001100000000100010101001000000000000000000000000000000000000000000000000000000000000000000000000000000000000000000000000010000000000000000000000000010000000100000000000000
0100001100010100111011000000001010110011010001000101000110101110110100000011011001010001111110010101001100000010011000100010100101100010000101100110000100100101000011001011000110010000011001000011010100001100101101011000011000000000000000010000000000000000
0000000000000000000000000000000000000000000000000000000000000000000000000000000000000000000000000000000000000000000000000000000000000000000000000000000000000000000000000000000000000000000000000000000000000000000000000000000000000000000000000000000000000000
0000000000000000000000000000000000000000000000000000000000000000000000000000000000000000000000000000000000000000000000000000000000000000000000000000000000000000000000000000000000000000000000000000000000000000000000000000000000000000000000000000000000000000
0000000000000000000000000000000000000000000000000000000000000000000000000000000000000000000000000000000000000000000000000000000000000000000000000000000000000000000000000000000000000000000000000000000000000000000000000000000000000000000000000000000000000000
0101110111100110110101000011000101100001000000000010001111111111000101101100101000011101001010010100000000100000000000000000000000000000000000000000000000000001000000101000000000000000000000000001000010000110100000100100110000000000000001000000000000000000
0101111111100100001001101000000101000001100000111010001100000010100111111111111011100111110100100000000000000000000000000000000000000000000000000000000000000000000000000000000000000000000000000000000000000000000000000000000000000000000000000000000000000000
0000000000000000000000000000000000000000000000000000000000000000000000000000000000000000000000000000000000000000000000000000000000000000000000000000000000000000000000000000000000000000000000000000000000000000000000000000000000000000000000000000000000000000
0111000101010010000000000010110010000110000000110001010001011010011100000001101100110111001000001001001011110000000001001110000100000000000000001001101000010000000010000001000001000010000010000001100010000000000000000000010001000001100001000100101000000100
0000000000000000000000000000000000000000000000000000000000000000010000010010100000000010100000000000011010010000010000000110000111000000000010000000000000000000000000000000000000000000000000000100000100000110000100010100000000100000000100000000000000000000
0100000000000000110000100000000100001000000001101000001000100000100010000000000000000000001100000001000101000000000000000000000000100000000000000000000000000000000000000000000000000000000000000000000000000000000000000000000000000000000000000000000000000000
0000111111010111111111111101111111000000000000110010000000000000000000000000000011111111111111001111011110011111011111111111101111011111111111111111100111111011111111111111111011110111110111111111111111001111111111111101111111011111101111101111111101111110
0000000000000000000000000000000000000000000000000000000000000000000000000000000000000000000000000000000000000000000000000000000000000000000000000000000000000000000000000000000000000000000000000000000000000000000000000000000000000000000000000000000000000000
0000111111100111001101110111111111011010111111111111111111111111111111111011111101111111111011000011100011101010101111011001010001111011100100000000000000000000000000000000001101111110111111111111101110000000000000000000000000000000000000000000000000000000
0100000000000000110111101111111111001011110111111111111011111111110111011110110101010001111111011111100101111101111110000000000000000000000000000000000000000000000000000000000000000000000000000000000000000000000000000000000000000000000000000000000000000000
0000000000000000000000000000000000000000000000000000000000000000000000000000000000000000000000000000000000000000000000000000000000000000000000000000000000000000000000000000000000000000000000000000000000000000000000000000000000000000000000000000000000000000
0000000000000000000000000000000000000000000000000000000000000000000000000000000000000000000000000000000000000000000000000000000000000000000000000000000000000000000000000000000000000000000000000000000000000000000000000000000000000000000000000000000000000000
0000000000000000000000000000000000000000000000000000000000000000000000000000000000000000000000000000000000000000000000000000000000000000000000000000000000000000000000000000000000000000000000000000000000000000000000000000000000000000000000000000000000000000
0000000000000000000000000000000000000000000000000000000000000000000000000000000000000000000000000000000000000000000000000000000000000000000000000000000000000000000000000000000000000000000000000000000000000000000000000000000000000000000000000000000000000000
0000000000010000000000010000000000000000000000000000000000000010000010000000000000000000000000000001000000000000100000000000100000000000000000001010000000000000000000000000001001000000100000000000000000000000000100000100000000000000000000000000000000000000
0000000101111111001110110001101111111011111111101111110000000000000000000000000000000000000000000000000000000000000000000000000000000000000000000000000000000000000000000000000000000000000000000000000000000000000000000000000000000000000000000000000000000000
0000000000000000000000000000000000000000000000000000000000000000000000000000000000000000000000000000000000000000000000000000000000000000000000000000000000000000000000000000000000000000000000000000000000000000000000000000000000000000000000000000000000000000
0000000000000000000000000000000000000000000000000000000000000000000000000000000000000000000000000000000000000000000000000000000000000000000000000000000000000000000000000000000000000000000000000000000000000000000000000000000000000000000000000000000000000000
0000111011110111111101111111101111111111000111111111111111111110111011010110111010111011111011111110011111110111111001111110111111101111111111111001111011111101111101111111001011010011111110111010111111110111111001011111011111111111111101011111101111111110
0000000000000000000000000000000000000000000000000000000000000000000000000000000000000000000000000000000000000000000000000000000000000000000000000000000000000000000000000000000000000000000000000000000000000000000000000000000000000000000000000000000000000000
0000000000000000000000000000001111111101000111101001111101001111110011101110110110101001111111110101110111110000000001111110100000000000000000000000000000000000000000000000000000000000000000000000000000000000000000000000000000000000000000000000000000000000
0100010000000011000111100000000011111000000000000000000000000000000000000000000000000000000000000000000000000000000000000000000000000000000000000000000000000000000000000000000000000000000000000000000000000000000000000000000000000000000000000111011011100110
0100100100111001010100001100001000111100011001001111110010110101001001111000100001011010100110000000000000000000010110000110010100000000001000001011011001011101111000010011001000000010100000101001110000000000000000100001101010100000100000101000000000010000
0000111110101100111101110111001011111011011110111111111111110110111111111111111011111111101111110101111111100101110101101111110111111001111100111111111111111111111111011111011111111111110100000000000000000000000001111111111011111111111010111101111111111100
0100101101010101100010010100000000000000000000000000000000000000000000000000000000000000000000000000000000000000000000000000000000000000000000000000000000000000000000000000000000000000000000000000001110111010110010001111111100001101010110100010011111101000
0000000000000000000000000000000000000000000000000000000000000000000000000000000000000000000000000000000000000000000000000000000000000001101111111111011011001111110111110110111111000000000000000000001101011111111100000000000000000000000000000000000000000000
0000111111111111111101011111011111111111011011111000000010111111110111111111111110110011101011111111101111111111011111110111111101111101111110111111111101111110111111111111111110111111111111111111111111101101101111110001111011111001111011111111100110111110
0000000000000000000000000000000000000000000000000000000000000000000000000000000000000000000000000000000000000000000000000000000000000000000000000000000000000000000000000000000000000000000000000000000000000000000000000000000000000000000000000000000000000000
0000000000000000000000000000000000000000000000000000000000000000000000000000000000000000000000000000000000000000000000000000000000000000000000000000000000000000000000000000000000000000000000000000000000000000000000000000000000000000000000000000000000000000
0000000000011000000000000000001000000010000100000000000000000010010000001000000100000000000000000000000000000000000000000000000000000000000000000000000000000000000000000000000000000000000000000000000000000000000000000000000000000000000000000000000000000000
0000001111111111110101111011011110111111110000011111111101010111101111111100000001010110100111111011100110011111111111101011010111101110101010100111111101100000000000000000000000000000000000000000000000000000000000000000000000000000000000000000000000000000
0000111111011000000000011111111111111111111111111111111111111011011100111001010010000000000000000000000000000000000000000000000000000000000000000000000000000000000000000000000000000000000000000000000000000000000000000000000000000000000000000000000000000000
0000000000000000000000000000000000000000000000000000000000000000000000000000000000000000000000000000000000000000000000000000000000000000000000000000000000000000000000000000000000000000000000000000000000000000000000000000000000000000000000000000000000000000
0100000000000000000000000000000000000000000000000000000000000000010000000000000000000000000000000000000000000000000000000000000001111111110100100111111111111110111100111111011110111111111000000111111111101101110001000000000001100000000000000000000000000000
0000000000000000000000000000000000000011111101010101001111100101101011101001000001011001100111011110110001100000000000000000000000000000000000000000000000000000000000000000000000000000000000000000000000000000000000000000000000000000000000000000000000000000
0100000000111111111100101101011100010110111111001111111111111111110111111000110111011011011110111011001010100101111111011110101110011000100111101111001110100110001100010000000000001011111011100101101011111110111101101001111111110001111011110101011111111110
0100000001100000001011000110000000000000000011011000100000000000000000000000000000000101000000000100000000010000000000000110000000010000000000000100000100000001000001000001000000000000000000000000000000000000000000000000000000000000000000000000000000000000
0000000000000000000000000000000000000000000000000000000000000000000000000000000000000000000000000000000000000000000000000000000000000000000000000000000000000000000000000000000000000000000000000000000100000000000000000000000000000000000000000000000000000000
0000111110110111111111111101110110101111110111111111100011111111111111110111011111111111101111111111111111111111111111111111101111111111010011111111111111111101111111111101101010110111111111111111111011011111111111101101111111111111110111110111111111111010
0000000000000000000000000000000000000000000000000000000000111111111011010111011101001110111001111111111010000011000111110110010111111111110111111000010100010101101111011011101011111111000110101101111111111010111000110111111100010011010011111011010001111000
0110111110100011001001111101110111100110100101100100000001010000110110100000110100001001000001011000000000000001100000000000000000000000000000000000000000000000000000000000000000000000000000000000000000000000000000000000000000000000000000000000000000000000
0111011000011111010100100011111000110111111111111111011111100111100011011111001101100110110010101001010111100100001110000101011010010001100000000110000000000000000000000000000000000000000000000000000000000000000000000000000000000000000100011011100111010000
0000000000000000000000000000000000000000000000000000000000000000000000000000000000000000000000000000000000000000000000000000000000000000000000000000000000000000000000000000000000000000000000000000000000000000000000000000000000000000000000000000000000000000
0000000000000000000000000000000000000000000000000000000000000000000000000000000000000000000000000000000000000000000000000000000000000000000000000000000000000000000000000000000000000000000000000000000000000000000000000000000000000000000000000000000000000000
0000000000000000000000000000000000000000000000000000000000000000000000000000000000000000000000000000000000000000000000000000000000000000000000000000000000000000000000000000000000000000000000000000000000000000000000111011110101111011011111110111101010110100
0000000000000000001010000000000000000110000000000000001010000000001001011011001010100100101000011001001000000000000010011001010001100011001000000000000000000000000000000010000000101111000000000000000000000000000000000000000000000000000000000000000000000000
0100111111101110111101000000001000000000000000000000000000000111111110001111111111111110100000000000000000000000000000000000000000000000000000000000000000000000000000000000000000010001000000010000000000000000000000000000000000000000000000000000000000000000
0000000000000000000000000000000000000000000000000000000000000000000000000000000000000000000000000000000000000000000000000000000000000000000000000000000000000000000000000000000000000000000000000000000000000000000000000000000000000000000000000000000000000000
0000000000000000000000000000000000000000000000000000000000000000000000000000000000000000000000000000000000000000000000000000000000000000000000000000000000000000000000000000000000000000000000000000000000000000000000000000000000000000000000000000000000000000
0000000000000000000000000000000000000000000000111111101111110110111010111111101111111111111011110111111011101100100101111111100101010111111111011111001101110000000000000000000000000000000000000000000000000000000000000000000000000000000000000000000000000000
0100101100001111000000100000010010101000000000000000000000000000000000000000000000000000000000000000000000000000000000000000000000000000000000000000000000000000000000000000000000000000000000000000000000000000000000000000000000000000000000000000000000000000
0100101010011101110101011111110111101110110110111101110101111100010000000000000000000000000000000000000000000000000000000000000000000000000000000000000000000000000000000000000000000000000000000000000000000000000000000000000000000000000000000000000000000000
0101001000100000000000000000000000000000000000000000000000000000000000000000000000000000000000000000000000000000000000000000000000000000000000000000000000000000000000000000000000000000000000000000000000000000000000000000000000000000000000000000000000000000
0000010011111001111111001111110101001000000000000000000000000000000000000000000000000000000000000000000000011000000001001000110000001000000000000000001000000000000000000000000000000000000000000000000000000000000000000000000000000000000000000000000000000000
0100100000000000000000000000000000000000000000000000000000000000010000000000000000000000000000000000000000000000000000000000000001001100000000000000000000000000000000000000000000000000000000000100000000000000000000000000000000000000000000000000000000000000
0100101111110000000101111110101101111110110110010111111101110101111111100000000000000000000000000000000000000000000000000000000000000000000000000000000000000000000000000010111110011011110101101110011011111101101111101110111110111111111001110010111001101110
0000000000000000000000000000000000000000000000000000000000000000000000000000000000000000000000000000000000000000000000000000000000000000000000000000000000000000001110100001011111000001110010111010111001001000011010011010111110010111010011000100001000000000
0000000000000000000000000000000000000000000000000000000000000000000000000000000000000000000000000000000000000000000000000000000000000000000000000000000000000000000000000000000000000000000000000000000000000000000000000000000000000000000000000000000000000000
0100000000000000000000000000000000000000000000000000000000000000000000000000000000000000000000000000000000000000000000000000000000000000000000000000000000000000000000000000000000000000000000000000000000000000000000000000000000000000000000000000000000000000
0000000000000000000000000000000000000000000000000000000000000000000000000000000000000000000000000000000000000000000000000000000000000000000000000000000000000000000000000000000000000000000000000000000000000000000000000000000000000000000000000000000000000000
0000000000000000000000000000000000000000000000000000000000000000000000000000000000000000000000000000000000000000000000000000000000000000000000000001100010000000000000000000000000000000000000000000000000000000000000000000000000000000000000000000000000000000
0000000000000000000000000000000000000000000000000000010011011111100111000011001111000010111001000000000000000000000000000000000000000000000000000000000000000000000000000000000000000000000000000000000010001001001000001001000000110000010000000011011000000000
0100111100101001110100000000000000000000000000000111011011010111010011111100111000011110111110110000000000000000000000000000000000000000000000000000000000000000000010001110001011001001000110100011000111110101101110111001100011001001000101011000000000001000
0111111011110111110101011001101110110011110111001111001001000000000000000000000000000000000000000000000000000000000000000000000000000000000000000000000000000000000000000000000000000000000000100001011111110011001010010010010000001001000000101000001000101000
0000000000000000000000000000000000000000000000000000001000000000000000000000000000000000100000000100000001000000000000000000000000000000000001101000010100000110100000010000000010000001000001000100101000000000000000001000000001100000000000000000000000000000
0110010111011100111110111111111111010101101101111011111110100111111111111111111101100011110111101111011110110111101111101111111111001111011001111111010011101101101011111101101011011111001000100111111010111101001011111101110101110101111001111101110111100110
0101111010110101111111111001111111110111010000000000000000000001110011001111001110101101111011111111111111111111111111111110011111110100110011111110011111101011111110010011111111111101110111111011111111111101100110010101011110111111101011010101111111110110
0101101110010000000000000000010000000000000001001001101111110101010110000111101011100100100010011010111011111011110111101111011110111111111110110011100011110101111101001001100011011110000101100000001000101000010000110100000000100000000000000010010000000000
0111111111011111111111011111110110011110011000011111101001110011001110000010000001100111101011011001000000000010100001100000011001100000111010010010001101100001000000100000000000000000000000000000000000000000000000000000000000000000000000000000000000000000
0110001111000011001000010010001000100000010010101101000011100010010100101100111100000100000000000100000000100110011100001001000010100100000000000001000000000000000000100000010100000000000000010001010110000011001000001010000100000000100000011001000000110000
0111110110111101011001011111111001111101111011111101010111111110011111101111111100100001001100001011011110110101100111000000000000000000000000000000000000000000000000000000000000000000001101110100101000101100101101010000110100100000011000010000110000010000
0100100011001111101000100000000000000000000000000000000000000000000000000000000000000000000000000000000000000000000000000000000000000000000000000000000100100110000000001000000000000000000000000100100101010011000000000000000000000000000000000000000000000000
0000000000000000000000000000000000000000000000000000000000000000000000000000000000000000000000000000000000000000000000000000000000000000000000000000000000000000000000000000000000000000000000000000000000000000000000000000000000000000000000000000000000000000
0100000000000000000000000000000000000000000000000000000000000000010000000000000000000000000000000000000000000000000000000000000000000000000000000000000000000000000000000000000000000000000000000100000000000000000000000000000000000000000000000000000000000000
0100000000000000000000000000000000000000000000000000000000000000000000000000000000000000000000000000000000000000000000000000000000000000000000000000000000000000000000000000000000000000000000000000000000000000000000000000000000000000000000000000000000000000
0111111111101101110000000000000101110111101110110010001011111111000110000111001111101111110101111111101111110111110110001111111101101001000110001001100000000000000000000000000000000000000000000000000000000000000000000000000000000000000000000000000000000000
0100000000000000000000000000000000000000000000000000000000000000000000000000000000000000000000000000000000000000000000000000000000000000000000000000000000000000000000000000000000000000000000000000000000000000000000000000000000000000000000000000000000000000
0110110101110011100100000011000000000100000000000000001000010000000000001000000000000001000000000000000000000000100110101111001011000000000000000000000000000000000000000000000000000000000000000000000000000000000000000000000000000000000000000000000000000000
0000000000000000000000000000000000000000000000000000000000000000000000000000000000000000000000000000000000000000000000000000000000000000000000000000000000000011110100110000000100100000000000100110110111000100011010101000011011011001111010000000000000000000
0000000000000000000000000000000000000000000000000010111111110101110101110110001000100001010000000000000100000001000100001000000000000000000000000000000000000001000000111100001111011101111111101101010100011110100111111111101100110111111110010101011001100000
0000000000000000000000000000000000000000000000000000000000000000000000000000000000000000000000000000000000000000000000000000000000000000000000000000000000000000000000000000000000000111110111111111111110110000000000011111111111100111111011100111111100110000
0000000000000000000000000000000000000000000000000000000000000000000000110100101010010000010010000010000100001000001000000100000110000000000000000000000000000000101010000000100000011000000000000000000000000000000000000000000000000000000000000000000000000000
0110111100111110111111111111110111111101001110111111111111111111111111100101101111111111101000001000111000001100100111000100001011000000000000000000000000000000000000000001000110000010100010010001000000000000000101001010000001000010000000000100000101000010
0000000000000000000000000000000000000000000000000000000000000000000000000000000000000000000000000000000000000000011000010010000110010010000000100000010000000000000000000000000000000000000000000000000000000000000000000000000000000000000000000000010000000000
0110111010010111111000011011011011000000000000000000000000000000000000000000000000000000000000000000000000000000000000000000000000000000000000000000000000000000000000000000000000000000000000000000000000000000000000000000100000100000000000000000000011000000
0000000000000000000000000000000000000000000000000000000000000000000000000000000000000000000000000000000000000000000000000000000000000000000000000000000000000000000000000000000000000000000000000000000000000000000000000000000000000000000000000000000000000000
0000000000000000000000000000000000000000000000000000000000000000000000000000000000000000000000000000000000000000000000000000000000000000000000101010010111001101100000000000000000000000000000000000000000000000000000000000000000000100010000000100000000000000
0100100100000000000000000000100010000000000000000000011100100000000000100000000011111101111111110111111111111111110111101011111011111011011100000000000000000000000000000000000000000000000000000000000000000000000000000000000000000000000000000000000000000000
0111111001010101111110110101111111111111111111110111111111101011111111011111011110110110111001011101110111111011110011010101111011011111111011110000010001110011111001010110111110100111110001110110000010000000000000011111000100000000000000000000000000000000
0000000000000000000101110001100010000111000000000000010001000000000101001010010100000100001100000000000000010001001000001010001000000010000001110110100001000010000011111000000101000100011101000110000000000000100000000000000000000000000000000000000000000000
0101100000110010010000000000100000011100000000001000001010000000000000000000000000000000010001110000100001001001101001001010000000001000001000000000000000000000000000000000000000000000000000000000000000000000000000000000000000000000000000000000000000000000
0000000000000000000000000000000000000000000000000000000000000000000000000000000000000000000000000000000000000000000000000000000000000000000000000000000000000000000000000000000000000000000000000000000000000000000000000000000000000000000000000000000000000000
0111110011110001111111001111100100100001111000001000010100000110000101111100100000101100010000100000100000000000000000010000000000001000000010000001000000000000000000011000000010110000000000011010001000000000000000000000000100100000110101010100000001100000
0000111111111110101111101111111111111111110111011111011111111111111111111111111111111111111111111111110111111111000000000000000000000000010111100111111111111101111100000000000000000000000000000000000000000000001110111111111011111011111111111111111011101110
0000000000000000000000000101010001001010001000000000000000000000000000000000000000000000000000000000000000000000000000000000000000000000000000000000000000000000000000000000000000000000000000000000000000000000000000010000000000000000000000000000000000000000
0000000000000000000000000000000000000000000000000000000000000000000000000000000000000000000000000000000000000000000000000000000000000000000000000000000000000000000000000000000000000000000000000000000000000000000000000000000000000000000000000000000000000000
0000000000000000000000000000000000000000000000000000000000000000000000000000000000000000000000000000000000000000000000000000000000000011111010110110100000000000000000000000000000000000000000000000000000000000000000000000000000000000000000000000000000000000
0111110101111111001111111111111111111001110111101100111110010000111011111100000000000000000000000000000000000000000000110110011000100000001010010100001010001001000000000000000000000000000000000000000000000000000000000000110110110111111001101010000101110110
0111000101000000000000000010111111100110000011111011111111011010001101000010000100000111011111011001000000001000001000000000000000000000000000000000000000000000000000000000000000000000000000000000000000000000000000000000111011111111011110000111111010000110
0000000000000110101101000000000000000000000000000000000000000000000000000000000000000000000000000000000000000000000000000000000000000000000000000000000000000000000000000000000000000000000000000000000000000000000000000000000000000000000000000000000000000000
0100000000000000000000000000000000000000000000000000000000000001000111110010110111110001100100011000100111100101000010010110001111000000000000000000000000000000000000000000000000000000000000000000000000000000000000000000000000000000000000000000000000000000
0111100111111111101011000100010011010101100101010101010000010001111001110110011011111100101110101101100100000000000000000000000000000000000000000000000000000000000000000000000000000000000000000000000000000000000000000000000000000000110000100011000111011100
0000000000000000000000000000000000000000000000000000000000000000000000000000000000000000000000000000000000000000000000000000000000000000000000000000000010001000000000000001010100100000000001000100000000000000000000000000000000000000000000000000000000000000
0011101111111001011111110100110011111011110110011110110111101111110000101101111000100010100000000001000101000001000000000000000000000000000000000000000000000000000000000000000000000000000000000000000000000000000000000000000000000000000000000000000000000000
0100000000000000000000000000000000000000000000000000000000000000000000000000000000000000000000000000000000000000000000000000000000000000000000000000000000000000000000000000000000000000000000000000000000000000000000000000000000000000000000000000000000000000
0000000000000000000000000000000000000000000000000000000000000000000000000000000000000000000000000000000000000000000000000000000000000000000000000000000000000000000000000000000110000000000000000000000000000000000000000000000000000000000000000000000000000000
0000000000000000000000000000000000000000000000000000000000000000000000000000000000000000000000000000000000000000000000000000000000000000000000000000000000000000000000000000000000000000000000000000000000000000000000000000000000000000000000000000000000000000
0111111110111111111111111111011111111110111111101111101101111110111111101111111111111111111111111111111111111111101011111110110010001100111111011101000000000010100000000000010000000000000000000000000000000000000000100000000000000000000000000000000000000000
0000000000000000000000000000000000000000000000000000000000000000000000000000000000000000000000000000000000000000000000000000000000000000000000000000000000000000000000000000000000000000000000000000000000000000000000000000000000000000000000000000000000000000
0000000000000000000000000000000000000000000000000000000000000000000000000000000000000000000000000000000000000000000000000000000000000000000000000000000000000000000000000000000000000000000000000001010010011100111111011110001101100010000000000000000000000000
0000000000000000000000000000000000000000000000000000000000000000000001001000101000010010011001001101100000000000011000000000100110000110100101011100111010010000000101000000000000000000101000000101100000000010000000011000000011011110100000000000000000000010
0000000000000000000000000000000000000000000000000000000000000000000000000000000000000000000000000000000000000000000000000000000000000000000000000000000000000000000000000000000000000000000000000000000000000000000000000000000000000000000000000000000000000000
0000000000000000000000000000000000000000000000000000000000000000000000000000000000000000000000000000000000000000000000000000000000000000000000000000000000000000000000000000000000000000000000000000000000000000000000000000000000000000000000000000000000000000
0111110010111110000111110111000001000100100000000000000000000000000000000000000000000000000000000000000000000000000001000000101100100010100000000000000000010000000000000000000000000000000000000000000000000000000000000000000000000000000100000000000011000000
0000111111001111111111111110111111111110111111111111011110001100000000000000000000000000000000000000000000000000000000000000000000000000000000000000000000000000000000000000000000000000000000000000000000000000000000000000000000000000000000000000000000000000
0000000000000000000000000000000000000000000000000000000010000101101101010110001100101110000000000000000000000000000000000000000000000000000000000001100100100001000010110000000000010000101101011101101000010000000000010000000010000000000000000000000000000000
0100000000000000000000000011111111110010111001011111100011110110110000000000000000000000000000000000000000000000000000000000000000000000000000000000000000000000000000000000000000000000000000000000000000000000000000000000000000000000000000000000000000000000
0000000000000000000000000000000000000000000000000000000000000000000000000000000000000000000000000000000000000000000000000000000000000000000000000000000000000000000000000000000000000000000000000000000000000000000000000000000000000000000000000000000000000000
0110000000000000110000001000000000000000010000001000001000000000000000000001001000001010010001110000000000001100100000000000000000000000000000000000000000000000000000000000000000001000000011000010000000110010000000100000011010000000000001000010001100000000
0111110110110010100111010111101100100111110110011110100010100000000000001000001100000110000000000000000000000000000000000000000000000000000000000000000000000000000000000000000000000000000000000000000000000001000100000000100000000000000000000000000000000000
0110001000000000000000000000000000000000000000010000000000000000000010000000000000000000000000000000000000000000000000000000000000000000000000000000000000000000000000000000000000000000000000000000000000000000000000000101000001001000000100010000000000000000
0000000000000000000000000000000000000000000000000000000000000000000001111100100100000010000000000000000000100100000000000000000000000000000000000000000000000000000000000000000000000000000000000000000000000000000000000000000000000000000000000000000000000000
0110111110010111111010000001100101001100000011010010000001010001000001000000000000000001101000100000000000000000000000000000000000000000000000010000000110001000000010000000000101000000000000000000000000000000000000000000010000000000000000010000000000000000
0000000000000000000000000000000000000000000000000000000000000000000000000000000000001100001100000000111000011000000000000000000000010000000000000000000000000000000000000000000000000000000000000000000000000000000000000000000000000000000000000000000000000000
0000000000000000000000000000000000000000000000000000000000000000000000000000000000000000000000000000000000000000000000000000000000000000000000000000000000000000000000000000000000000000000000000100000000000000000000000000000000000000000000000000000000000000
0000000000000000000000000000000000000000000000000000000000000000000000000000000000000000000000000000000000000000000000000000000000000000001011110111011111011010111000111111011001011101000001000000010001000000001001000001000010001010110000001000100000000000
0100000100000011000000001000000010100000000000000010110100000000010000010000010001010000100000110000001000000100001000101010100001100001000000000100001000000100000000000000100001000000000110000000010000010100000000000000000000000001010000000000010010000000
0101010110011010111001011000110000100010111101101010110100001001100000111010000000011110011010010011100111100000000110000100000000100101011100001001010111101111110101100000110100000000000000000000000000000000000000000000000000000000000000000000000000000000
0000000000000000000000000000000000000000000000000000011100000001000000100001000001000000000000010000011000100010000000000000100000010000000110100010000000000011000000010000001100000000000000100000000000010000100000000000111100001000100010000000000000000000
0100000000000000000000000000000000000000000000000000000000000000000000000000000000000011000101110010001100101010000001000000010000000000000000000000000000000000000000000000000000000000000000000000000000000000000000000000000000000000000000000000000000000000
0110101000101001100110011001011010000000011000011000010000010000110000000000110000000001000000000000000000000000000000000000000000000000000000000000000000000000000000000000000000000000000000000000000000000000000000000000000000000000000000010100000000000000
0101110100100001000010001011000000000000000000000000000000000000000000000000000000000000000000000000000000000000000001000000000000000000000000000000000000000000000000000000000000000000000111000010000111011011000001000010000000101000011000010000000001010000
0000000000000000000000000000010111111011101100000000000000000000000000000000000000000000100000000000000000000000000000000000000000000000000000000000000000000000000000000000000000000000000000000000000000000000111101100000111011110001001111000001010101010100
0110000001000101011100101000001000000001000100000001010000000000000000000000000000000000000000000000000000000000000000000000000000000000000000000000000000000000000000000000000000000000000000000000000000000000000000000000000000000000000000000000000000000000
0111110111001100000000000000000000000000000000000000000000000000000000000000000000000000000000000000000000000000000000000000000000000000000000000000000000000000000000000000000000000000000000000000000000000000000000000000010000000000001000000000000000100000
0000000000000000000000000000000000000000000000000000000000000000000000000000000000000000000000000000000000000000000000000000000000000000000000000000000000000000000000000000000000000000000000000000000000000000000000000000000000000000000000000000000000000000
0100000100101110010000110000000010000000000000000000000000000000000000000000000110111111001111001011000001011100101110000111111100110110001110010010010000101000011001011011111111001011111110111110110110111101111111110110011010101010101111111001100111111110
0111110111011111111101101100101110110111000000100001101111000111000110111110000111101000000111011101110000000001000010000001000000000010000000000010110011000010000100000000000000000010000001000001010000100000000001010100000000000000000001000000010000110000
0111111111111110101011101100100110101000110111110111101111000000000000000000000000100000000000000000000000000000000000000000000000000000000000000000010011101101110000011001001111000000000000001000000001100000000000000000000000000000000000000000000000000000
0000000000000000000000000000000000000000000000000000000000000000000000000000000000000000000000000000000000000000010000000100000000000000000000000000000000000000000000000000000000000000000000000000000000000000000000000011011111000000010000000001001001100000
0100000000010000010010001110000000000100010010000000000000000000000000000000001000000000101001011011101000000100101101000001110000001000000110111100001000000000000100000010000010010000000001111101100000101010010000110011001001100000100000000010010001110010
0110111100111101011011010001101111010001101010101100110100111001110000000011011011111101111101011111010110000000111001100111100011000000000000010010000000011101010100010011111111101011100110111000110110001101010111100110111011010000000001000000011001000110
0000000000000000000000000000000000000000000000000000000000000000000000000000000000000000000000000000000000000000000000000000000000000000000000000000000000000000000000000000000000000000000000000000000000000000000000000000000000000000000000000000000000000000
0000000000000000000000000000000000000000000000000000000000000000000000000000000000000000000000000000000000000000000000000000000000000000000000000000000000000000000000000000000000000000000000000000000000000000000000000000000000000000000000000000000000000000
0110111101001101111111101010010101111010011111100000000000000000000000000000000000000000000000000000000000000000010001100010001000101001001010111100100000001100111100000000000000000000000000000000000000000000000000000000000000000000000000000000000000000000
0100011100001100100000000010001100000000101001000000001000000000001000000000000001010001000110000100000100010000100010000101001000110000000000100100001000000100000010000000000000000000000000000000000000000000000000000000000000000000000000000000000001000000
0000000000000000000000000000000000000000000000000000000000000000000000000000000000000000000000000000000000000000000000000000000000000000000000000000000000000000000000000000000000000000000000000000000000000000000000000000000000000000000000000000000000000000
0101001101010011000001001111101001000000000000011000000000000000000000000000000000000000000000000000000000000000000000000000000000000001001111100101101000001011001000000000010111101111101000110010000010000010100000000000000000001100001010000000100111101100
0110001100101111101100111011111011111111010001111010011000000000110101111011111010011110111100111101111011001011011110110010100110001101001100111010011010100000000000000000000000000000000000000000000000000000000000000000000000000000000000000000000000000000
0000000000000001111100100101001000001110001000110000000100001100101101001000001000101000000101000010000010100100010000001001011001000000000001000000000000000010010100000000100000000000000001000000000010000000010000000000010000000000000000000000000000000000
0000000000000000000000000000000000000100000000000000000000000000000000000000000000000000000000000000000000000000000000000000000000000000000000000000000000000000000000000000000000000000000000000000000000000000000000000000000000000000000000000000000000000000
0111111111101011110101101101111111110111111111101111111011100110000100010011011001000000000100001010000000000000101001111011011001100111101100101011011011011101000100010111001100011011110011001111010100010000011110001001100000010111101100000010010000000000
0000000000000000000000000000000000000000000000000000000000000000000000000000000000000000000000000000000000000000000000000000000000000000000000000000000000000000000000000000000000000000000000000000000000000000000000000000000000000000000000000000000000000000
0100000000000000000000000000000000000000111111101101001110111011111011111101110010101000111110000000000011110001001111101100000000000000000000000000000000000000000000000000000000000000000000000000000000000000000000000000000000000000000000000000000000000000
0000000000000000000000000000000000000000000000000000000000000000010000000000000000000000000000000000000000000000000000000000000001000000000000000000000000000000000000000000000000000000000000000100000000000000000000000000000000000000000000000000000000000000
0110000000000000000000000000000000000000000000000000000000000000000000000000000000000000000000000000000000000000000000000000100000100000010101000000000001011000000001000000000000000101001001000000001000100010000000000000000100100000000000010000100000000000
0110100101111111111000100101111011001110011100110111111110000000000000000000000000000000000000000000000000000000000000000000000000000000000000000000000000000000000000000000000000000000100100000000000000000000000000001000000000000000000100000000000000000000
0000000000000000000000000000000000000000000000000000000000000000000000000000000000000000000000000000000000000000000000000000000000000000000000000000000000000000000000000000000000000000000000000000000000000000000000000000000000000000000000000000000000000000
0000000000000000000000000000000000000000000000000000000000000000000000000000000000000000000000000000000000000000000000000000000000000000000000000001111110101101111101101111110100101101011101111011101101011111111010000000000111111011000100110000000000000110
0100000000000000000000000000000000000000000000000000000000000000000000000000000000000000000000000000000000000000000000000000000000000000000000000000000000000000000000000000000000000000000000000100000000000000000000000000000000000000000000000000000000000000
0100000001000001011011111110000000000000000000000000000000000000000000000000000000000000000000000000000000000000000000000000000000000000000000000000000000000000000000000000000000000000000000000000000000000000000000000000000000000000000000000000000000000000
