1111111111100111111000000000000000000000000000000000000000000001111111111111111111111111111111111111111111111111111111111111111111111011111111111111111111111111111111111111111111111111111111111111111111111111111111010010011111111111111111111111111111111110
0000000000000000000000000000000000000000000000000000000000000000000000000000000000000000000000000000000000000000000000000000000000000000000000000000000000000000000000000000000000000000000000000000000000000000000000000000000000000000000000000000000000000000
0110000000000000000000000000000000000000000000000000000000000000000000000000000000000000000000000000000000000000000000000000000000000000000000000000000000000000000000000000000000000000000000000100001000000000000000000000000001000000000000000000000000000000
0000000000000000000000000000000000000000000000000000000000000000000000000000000000000000000000000000000000000000000000000000000000000000000000000000000000000000000000000000000000000000000000000000000000000000000000000000000000000000000000000000000000000000
0111111011110001111000000000001111000000111111111111111111111111111111111111111111111111111111111111111111111111111111111111111111111111111111111111111111111111111111100000000000000000000000000000000000000000000000000000000000000000000000000000000000000000
0010111111110000000000000000000000000000110000000001111111111111111111100000000000000000000000000000000000000000000000000000111000000000000000000000001111111111000000000001010111101111111111000000000000000000000000000000000000000000000000001000000000011110
0111111111101111100000000000000000000000000000000000000000000000000000000000000000000000000000000000000000000000000000000000000000000000000000000000000000000000000000000000000000000000000000000000000000000000000000000000000000000000000000000000000000000000
0111111111111111100000000000000000000000000000000000000000000000000000000000000000000000000000000000000000000000000000000000000000000000000000000000000000000000000000000000000000000000000000000000000000000000000000000000000000000000000000000000000000001110
0000000000000000000000000000000000000000000000000000000000000000000000000000000000000000000000000000000000000000000000000000000000000000000000000000000000000000000000000000000000000000000000000000000000000000000000000000000000000000000000000000000000000000
0000000000000000000000000000000000000000000000000000000000000000000000000000000000000000000000000000011110101101110111010111101001110011110111011010011111111110011110101111001101111111111111101111111111000000000000000000000000000000000000000000000000000000
0111111100010000000000000000000000000000000000000000000000000000000000000000000000000000000000000000000000000000000000000000000000000000000000000000000000000000000000000000000000000000000000000000000000000000000000000000000000000000000000000000000000000000
0111111111111111111111111111111111111110101000100000100000000000000000000000000000000000000000000000000000000001001100011100111000011101000011010000100101001010001100011010101001011000110000010111101111100111110011011100000000000000000000000000000000000000
0000000000000000000000000000000000000000000000000000000000000000000000000000000000000000000000000000000000000000000000000000000000000000000000000000000000000000000000000000000000000000000000000000000000000000000000000000000000000000000000000000000000000000
0000000000000000000000000000000000000000000000000000000000000000000000000000000000000000000000000000000000000000000000000000000000000000000000000000000000000000000000000000000000000000000000000000000000000000000000000000000000000000000000000000000000000000
0000000000000011000000000000000001010000000000000110000000010000000000000000000000000000000000000000000000000000000000000000000000000000000011000000000000000000000000000000000000000000000000000000000000000000000000000000000000000000000000000000000000000000
0000000000000001100000000000000000000000000000000000000000000000000000000000000000000000000000000000000000000000000000000000000000000000000000000000000000000000000000000000000000000000000000000000000000000000000000000000000000000000000000000000000000000000
0000000000000000000000000000000000000000000000000000000000000000000000000000000000000000000000000000000000000000000000000000000000000000000000000000000000000000000000000000000000000000000000000000000000000000000000000000000000000000000000000000000000000000
0000000000000000000000000000000000000000000000000000000000000000000000000000000000000000000000000000000000000000000000000000000000000000000000000000000000000000000000000000000000000000000000000000000000000000000000000000000000000000000000000000000000000000
0000000000000000000000000000000000000000000000000000000000000000000000000000000000000000000000000000000000000000000000000000000000000000000000000000000000000000000000000000000000000000000000000000000000000000000000000000000000000000000000000000000000000000
0000000000000000000000000000000000000000000000000000000000000000000000000000000000000000000000000000000000000000000000000000000000000000000000000000000000000000000000000000000000000000000000000000000000000000000000000000000000000000000000000000000000000000
0000000000000000000000000000000000000000000000000000000000000000000000000000000000000000000000000000000000000000000000000000000000000000000000000000000000000000000000000000000000000000000000000000000000000000000000000000000000000000000000000000000000000000
0000000000000000000000000000000000000000000000000000000000000000000000000000000000000000000000000000000000000000000000000000000000000000000000000000000000000000000000000000000000000000000000000000000000000000000000000000000000000000000000000000000000000000
0000000000000000000000000000000000000000000000000000000000000000000000000000000000000000000000000000000000000000000000000000000000000000000000000000000000000000000000000000000000000000000000000000000000000000000000000000000000000000000000000000000000000000
0000000000000000000000000000000000000000000000000000000000000000000000000000000000000000000000000000000000000000000000000000000000000000000000000000000000000000000000000000000000000000000000000000000000000000000000000000000000000000000000000000000000000000
0000000000000000000000000000000000000000000000000000000000000000000000000000000000000000000000000000000000000000000000000000000000000000000000000000000000000000000000000000000000000000000000000000000000000000000000000000000000000000000000000000000000000000
0000000000000000000000000000000000000000000000000000000000000000000000000000000000000000000000000000000000000000000000000000000000000000000000000000000000000000000000000000000000000000000000000000000000000000000000000000000000000000000000000000000000000000
0000000000000000000000000000000000000000000000000000000000000000000000000000000000000000000000000000000000000000000000000000000000000000000000000000000000000000000000000000000000000000000000000000000000000000000000000000000000000000000000000000000000000000
0000000000000000000000000000000000000000000000000000000000000000000000000000000000000000000000000000000000000000000000000000000000000000000000000000000000000000000000000000000000000000000000000000000000000000000000000000000000000000000000000000000000000000
1111111101111111110101111111101111110110101011111101010100111111011011110101001101101111011101011111010010111111110110011011010101111011000011111110011101111011110110011111001111111010101001011010111011010001110111010111111101111111111101111111110110101011
0000000000000000000000000000000000000000000000000000000000000000000000000000000000000000000000000000000000000000000000000000000000000000000000000000000000000000000000000000000000000000000000000000000000000000000000000000000000000000000000000000000000000000
0000000000000000000000000000000000000000000000000000000000000000000000000000000000000000000000000000000000000000000000000000000000000000000000000000000000000000000000000000000000000000000000000000000000000000000000000000000000000000000000000000000000000001
0000000000000000000000000000000000000000000000000000000000000000000000000000000000000000000000000000000000000000000000000000000000000000000000000000000000000000000000000000000000000000000000000000000000000000000000000000000000000000000000110011111111111011
0000000000000000000000000000000000000000000000000000000000000000000000000000000000000000000000000000000000000000000000000000000000000000000000000000000000000000000000000000000000000000000000000000000000000000000000000000000000000000000000000000000000000000
0000000000000000000000000000000000000000000000000000000000000000000000000000000000000000000000000000000000000000000000000000000000000000000000000000000000000000000000000000000000000000000000000000000000000000000000000000000000000000000000000000000000000000
0000000000000000000000000000000000000000000000000000000000000000000000000000000000000000000000000000000000000000010001000100111101100110000001100100000001000110011001000100000001000000000000000100111100000000010000000100000000000000011001100000000001001000
0000000000000000000000000000000000000000000000000000000000000000000000000000000000000000000000000000000000000000000000000000000000000000000000000000000000000000000000000000000000000000000000000000000000000000000000000000000000000000000000000000000000000000
0000000001110000111101000110000001100110011100100100000000000000000000000000000000000000000000000000000000000000000000000000000000000000000000000000000000000000000000000000000000000000000000000000000000000000000000000000000000000000000000000000000000000000
0110000001100000000000000100010001000000010000000100010001100110010011110100000001000000011001100100000001100110011000100100000001101011110001000000000001101111010000000100000001110000010011110100000001000000010000000100000001111011110000000000000000011000
0100111100000000000000000000000000000000000000000000000000000000000000000000111101000000011000000000000000000000000000000000000000000000000000000000000000000000000000000000000000000000000000000000000000000000000000000000000000000000000000000100000000000000
0100000000000000010000000100000000000000000000000000000000000000000000000000000001001111000000000100000000000000010000000000001100000000000000000000000000000000000000000000000000000000000000000000000001100110000000000000000001100000000000000000000000000000
0100101001100110010000000100000001100000011000000100011000000000000000000000010001000000000000000000000000000000000000000000000000000000000000000000000000000000000000000000000000000000000000000000000000000000000000010100000001000000010000000100000001000110
0000000000000000000000000000000000000000000000000000000000000000000000000000000000000000000000000000000000000000000000000000000000000000000000000000011000000000111101000000011001000110011000000100000000000000000000000000000001000100000000000000000000000000
0110011001100110011100000000000001100000011001100110010001100110000001010000011000000100111100000100000000000000000000000000011001000000011001000100000001000000010000000100000001100000011000000000000000000000000000000000000000000000000000000000000000000000
0000000000000000000000000000000000000000000000000000000000000000000000000000000000000000000000000111000000000000000000000000000000000000000000000100000000000000000000000000010001100000000000000000000000000000000000000000000000000000000000000000000000000000
0100000011110110011001001111000001000100000001100100010001000110010000000000000001000100000001000110011001100000010000000111100001000000000000000000000000000000000000000000000000001000000000000000000000000000000000000000000010000000000000000000000000000000
1111011001000000000000000000000000000000000000000100010000000000000000000000000000000000000000000000000000000000010000100100000001000100011001100100011010100110000000000000000000000000000000000100011001100100001000000000000000000000000000000000000000000000
0100010001000000010000000111110011110110011000000000000001000100000000000000000000000000000000001111011001100000010001000110010001000000000000000100000001100100011001100000010001000000000000000100000000000000010000000000010001000000000000000110000001000000
0000000000000000000000000000000000000000000000000000000000000000000000000000000000000000000000000000000000000000000000000000000001000100000000000000000000000000011111100110011001100110010001100100000001000000000000000110010001000000000000000100000000000000
0000000000000000000000000000000001000100111111000100000000000000011000000000000000000000010000000100100001100000011000000100001001000000001000000010111100000000000000000000000000000000000000000000000000000000000000000000000000000000000000000000000000000000
0000000000000000000000000000000000000000000000000000000000000000000000000000001000100110000000000100000001100100010000000100000001100000000000000100101101100000000000000000000000000000000000000000000000000000000000000000000000000000100000000000000000000000
0100111000001111010001101110010000000000000000000000000000000000000000000000000000000000000000000100000000000000000000000000000001000000000000000000000000000000000000000000000000000000000000000000000000000000000000000000000000000000000000000100000000000000
0000000000010000000000000000000000000000000000000000000000000000000000000000000000001100001001100100011000101000100000010000000000000000000000000000000000000000010010001101110110000000000000000000000000000000000000000000000000000000000000000110010001000100
0000000001001011010100001111000001000100010001000100000001000000000000000000000000000000000000000000000000000000000000000000000001000000010001000100010001100000000000000110010001100100011001000100000000000000000000000000000000000000000000000000000000000000
0111111000000000101110100000101110110001000000000000100010000011010011000000000000000000000000000000011110000000000000000010000000000000000000000000000000000000000000000000000000000000000000000000000000000000000000000000000000000000000000000000000000000000
0000000000000000000000000000000000000000000000000000000000000000110011001110000001000000000000000100000000000000000000000000000000000000000000000000000000000000000000000000000000000000000000000100000000000000000000000000000000000000000000000000000000000000
0000000000000000000000000000000000000000000000000000000000000000000000000000000000000000000000000000000000000000000000000000000001000000000010000000000000000000000000000000000000000000000000000100010011110100000011000000010000000000000000000000000000000000
0000010001100100010000000100000001000100010001100000000000000000000000000000000000000000000000000000000000000000000000000000000000000000000000000000000000000000000000000000000000000000000000000000000000000000000000000000000000000000000000000000000000000000
0110000000000000000000000000000001100000011001100100011001000000000000000000000001110000010000000110000000000000011001000100011011110110011000000000000001100000010000000000000001000100000000000100000001000000010000000110010001000000000000000100000001100000
0010000000000000100000011111101100000000101010000000101000001000000000100000100000100000000000100110000000000110010000000000000000000000000000000000000000000000000000001111111100000100000000010000000000000000010000000000000000001101000000000000000000000000
0000000000000000000000000000000001000000000000000000000000000000010000000000000000000000000000000100000000000000000000000000000000000000100000000000000000000000000000000000000000000000000000000000000000000000000000000000000000000000000000000000000000000000
0000000100000000000000000000000100000000000000000000000000001000000000000100000000000000000000100000000000000000000010000000000011000000000000000000000000000000010000000000000000000000000000000000000000000000001000001000000000000000000000000000000000000000
0111000000000000000000000000000000000000000000000000000000010000000000000000000000100000000000000000000000000000000000000000000000000000000000000000000000000000000000000000000000000000000000000000000000000000000000000000000000000000000000000000000000000000
1100000010000000000000001000000000000000000000000000000000000000001000001110111100000000000000000000000000000000000000000000000010110001000010000001000001100010100000000000000000000000000000000000000000000000000000000000000000000000000000000000000000000000
0000010000001000000000000000000111000000100000100000010000001001000001111001110000000000000000000000000000000000000000000000000000000000000000000000000000000000000000000000000000000000000000000000000000010000000000000000000001000000000000000000000000000000
0100000000000000000000000000000000000000000000000000000000000000000000000000000000000000000000000000000000000000000000000000000000000000000000000000000000000000000000000000000000000000000000000000000000000000000000000000000000000000000000000000000000000000
0110000010010000011110000000111001000001000000000000000000000100000000000001000011000000001000000100010010000000001000001100000000000000000000000001000001010000000000000000000000000100000010110000000000000000000000000000000000000000000000000000000000000000
0000000000000000000000000000000000000000000000000000000000000000000000000000000001011100000000000000000000000000011011000100000000000000000000000000000000000000000000000010000001110000000011000110000001111000000000000000000000000000000000000100000000100000
0100000000000000000000000100000000000000000000000000000000000000000000000000000000000000000000000000000000000000000000000000000001000000000000100101001000000001000001001000000000000000000000000000000000000000000010000000000000000000000000000000000000000000
0101000011100000000000100100000001000000000000000000000010001010100000100000000001000000000100000000100100000100001000000000000100000000001000010001011101001101000000000000001000010000000100010100000000000000000000000000010000000001000000010001000110100000
0101000000000001000000111010000100100000000000100001010000000100000000100000010001000110000100000000000000000000000001000000000000000000000000000000000000000000000000000000000000000000000000000000000000000000000000000000000000000000000000000000000000000000
0000000000000001000000001000100000100000000010000110000100000000100100010100000000100100001011000001000000010010100100001000001000000000001100001100000000000000000000000000000000000000000000000000000000000000000000000000000000000000000000000000000000000000
0000000001100000000000000000000001000000010001000000011000000000000000000000000000000000010011100100011001101111000001000110000001000000000001100000000000000000000000000000000001100000000000000000011000000000000000000000000000001000000000000000011101000010
0000000000000000000000000000000000000000000000000000000000000000000000000000000000000000000000000000000000000000000000000000000000000000000000000000000000000000000000000000000000000000000000000000000000000000000000000000000000000000000000000000000000000000
0000000010010000000000000100000000000010110001000010010000000000000000000000000000000000000000000000000000000000000000000000000000000000000000000000000000000000000000000000000000000000000000000000000000000000000000000000000000000000000000000000000000000000
0000000000000000000000000000000000000000000000000000000000000000000000000000000000000000000000000000000000000000000000000000000000000000000000000000000000000000000000000000000000000000000000000000000000000000000001101000010000000000000000000100000000000000
0100000001000000000000000000000000000000000000000000000000000001000000100100000000000010000001001000000000000000001000000000000000000000000000000000000000000000000000001000100000000000000000000000000000000000000000000000000000000000000000000000000000000000
0100000000000000100000000000000010000001000000010000000100000001000000000000000000000000000000000000000000000000000000000000000000000000000000000000000000000000000000000000000000000000000000000000000000000000000000000000000000000000000000000000000000000000
0110000000000100010001000000000000000000000000000000000000000000000000000000000000000000000000000000000000000000000000000000000000000000000000000000000000000000000000100000000000000000000000000000011001000000000000000000010000000000000001100000000000000000
0000000000000000000000000000000000000000000000000000000000000000000000000000000000000000000000000000000000000000000000000000000000000000000000000000000000000000000000000000000000000000000000000000000000000000000000000000000000000000000000000000000000000000
0000000000000000000000000000000000000000000000000000000000000000000000000000000000000000000000000000000000000000000000000000000000000000000000000000000000000000000000000000000000000000000000000000000000000000000000000000000000000000000000000000000000000000
0000000000000000000000000000000000000000000000000000000000000000000000000000000000000000000000000000000000000000000000000000000000000000000000000000000000000000000000000000000000000000000000000000000000000000000000000000000000000000000000000000000000000000
0100100000000010110011000101000001000000000000001000100001000000001001001000001100000000000001000000000001000000001100000000001010000000000000000000000000000000000000000000010000000000010000000010000101000000000000000000000000000000000000000000000000000000
0000000000000000000000000000000000000000000000000000000000000000000000000000000000000000001000000000000000000000000000000000000000000000000000000000000000000000000000000000000000000000000000000000000000000000000000000000001000001011100000000000001000100110
0100000000000001000000000001100000001000000010000000010000000010100000110000001001100010101000000000000010000000100111010000000001000000001000100011000100010010100100000000000000010000000000100100010000000000000000000010000000000000000000000000000000000000
0110110000000000000000000000000000000000001111010011010100000011100000000000000001010001000000101010001001010000000100011000000000000000000000000000000000000000000000000000000000000000000000000000000000000000000000000000000000000000000000000000000000000000
0000000000000000000000000000000000000000000000000000000000000000000000000000000000000000000000000000000000000000000000000000000000001111111110010101111111110111111011111110011011111010110101000101011111011111111111111101111111111111111101111010000000000000
0110100010000101000000010010000000000000000000000000001001000100010000000000001100000100000000000100000000000100001001100000000010000000010001100000000011000000000000000000000000000000000000000000000000000000000011110001000000000000000000000000000000000000
0110010000000000100010000100000000001000000000000000000000000000001000000000000000010000000000000101000010000010001000000001000000000000000000000000000000000010000001101000010010000000110000000000000100100000010100010000000000000000000000000000000000000000
0000000000000000000000000000000000000000000000000000000000000000000000000000000000000000000000000000000000000000000000000000000000000000000000000000000000000000000000000000000000000000111111111111111111111111000000000000000000000000000000000000000000000000
0110000000000100000100000100000000000000000000000000000000000000000000000000000000000000000000000000000000000000000000000000000000000000000000000000000000000000000000000000000000000000001000000000100000100100100000000000000000000010100000000110000000001000
0000000001111110000000000000000001111000000000000000000000000000000000000000000000000000000000000000000000000000000000000000000000000000000000000001000000000000011001100000010000000000000000000000000000000000000000000000000000000000000000000000000000000000
0000000000000000000000000000000000000000000000000000000000000000000000000000000000000000000000000000000000000000000000000000000000000000000000000000000000000000000000000000000000000000000000000000100010000000000000001000000000010000000000000000000000000000
0000000000000000010011111100000000000000000000000000000000000000000000001001110000000001000101000000000000000000000000000000000000000000000000000000000000000000000000000000000000000000000000000000000000000000000000000000000000000000000000000000000000000000
0000000000000000000000000000000000000000000000000000000000000000000000000000000000000000000000000000000000000000000000000000000000000000000000000000000000000000000000000000000000000000000000000000000000000000000000000000000000000000000000000000000000000000
0000000000000000000000000000000000100000001000000000000000100000000000000001000000000111000100000000000000001000000000000110100000000000000000000000000000000000000000000000000000000000000000000000000000000000000000000000000000000000000000000000000000000000
0100000000000000011000100000000010000000000000000000000000000000000000000000000000000000000101000000000010010011000100100000000001101000000000000000000001000000000100110000100000000000100000001000000000000000000011000000000000000000000000100000000000000000
0000000000000000000000000000000000000000000000000000000000000000000000000000000000000000000000000000000000000000000000000000000000000000000000000000000000000000000000000000000000000000000000000000000000000000000000000000000000000000000000000000000000000000
0000000000000000000000000000000000000000000000000000000000000000000000000000000000000000000000000000000000000000000000000000000000000000000000000000000000000000000000000000000000000000000000000000000000000000000000000000000000000000000000000000000000000000
0000000000000000000000000000000000000000000000000000000000000000000000000000000000000000000000000000000000000000000000000000000000000000000000000000000000000000000000000000000000000000000000000000000000000000000000000000000000000000000000000000000000000000
0000000000000000000000000000000000000000000000000000000000000000000000000000000000000000000000000000000000000000000000000000000000000000000000000000000000000000000000000000000000000000000000000000000000000000000000000000000000000000000000000000000000000000
0000000000000000000000000000000000000000000000000000000000000000000000000000000000000000000000000000000000000000000000000000000000000000000000000000000000000000000000000000000000000000000000000000000000000000000000000000000000000000000000000000000000000000
0000000000000000000000000000000000000000000000000000000000000000000000000000000000000000000000000000000000000000000000000000000000000000000000000000000000000000000000000000000000000000000000000000000000000000000000000000000000000000000000000000000000000000
0110000000000000000000000000000000000000000000000000000000000000000000000000000000000000000000000000000000000000000000000000000000000000000000000000000000000000000000000000000000000000000000000000000000000000000000000000000000000000000000000000000000000000
0000000000000000000000000000000000000000000000000000000000000000000000000000000000000000000000000000000000000000000000000000000000000000000000000000000000000000000000000000000000000000000000000000000000000000000000000000000000000000000000000000000000000000
0110000000000000000100000000000000000000000000000000000000000000000000000000000000000000000000000000000000000000000000000000000000000000000000000000000000000000000000000000000000000000000000000000000000000000000000000000000000000000000000000000000000000000
0000000000000000000000000000000000000000000000000000000000000000000000000000000000000000000000000000000000000000000000000000000000000000000000000000000000000000000000000000000000000000000000000000000000000000000000000000000000000000000000000000000000000000
0000000000000000000000000000000000000000000000000000000000000000000000000000000000000000000000000000000000000000000000000000000000000000000000000000000000000000000000000000000000000000000000000000000000000000000000000000000000000000000000000000000000000000
0000000000000000000000000000000000000000000000000000000000000000000000000000000000000000000000000000000000000000000000000000000000000000000000000000000000000000000000000000000000000000000000000000000000000000000000000000000000000000000000000000000000000000
0000000000000000000000000000000000000000000000000000000000000000000000000000000000000000000000000000000000000000000000000000000000000000000000000000000000000000000000000000000000000000000000000000000000000000000000000000000000000000000000000000000000000000
0000000000000000000000000000000000000000000000000000000000000000000000000000000000000000000000000000000000000000000000000000000000000000000000000000000000000000000000000000000000000000000000000000000000000000000000000000000000000000000000000000000000000000
0100000000000000000000000000001100000000000000000000001000000000000000000000000000000000000000000000000000000000000000000000000000000000000000000000000000000000000000000000000000000000000000000000000000000000000000000000000000000000000000000000000000000000
0100000000000000000000000000000000000000000000000000000000000000000000000000000000000000000000000000000000000000000000000000000000000000000000000000000000000000000000000000000000000000000000000000000000000000000000000000000000000000000000000000000000000000
0111110110110010100001100010000000110110000000010011000010111011011011011110000010000011100000001000101110010000010000010011010000100001010001011000000100000011000000000001101000000000000001000101000010100000010000100010100000000000100000001000000100001000
1000000000000000000000000000100000000000000100000000001000000010000010000000000000001011000000000000000000000000000000000000000000000000000000000000000000000000000000000000000000000000000000000000000000000000000000000000000000000000000000000000000000000000
0000000000000000000000000000000000000000000000000000000000000000000000000000000000000000000000000000000000000000000000000000000000000000000000000000000000000000000000000000000010001000100000000000010111011010100011101011000000000000000000000000000000000000
0111111111111001111011111110111100011111100010111111111010011111101101111110111101101111010011011101010110111011110111011011110111010101110111011101110110011111110111111111110010100111000001011111101001001101000111111110100111011111000111110111110001110000
0100000000000000000000001000000000000000000010000000001110000000000000000000001000000000000000000000000010010000000100100000100100010000000000000100000100010011010000000000100000000000100000010010001000000000010000000000000000000000000100000000000100000000
0000000000000000000000000000000000000000000000000000000000000000000000000000000000000000000000000000000000000000000000000100000000000000000000000000000000000000000000000000000000000000000000000000000000000000000000000000000000000000000000000000000000000000
0100000000000000000000000000000000000000000000000000000000000000000000000000000000000000000000000000000000000000000000000000000000000000000000000000000000000000000000000000000000000000000000000000000000000000000000000000000000000000000000000000000000000000
0000000000000000000000000000000000000000000000000000000000000000000000000000000000000000000000000000000000000000000000000000000000000000000000000000000000000000000000000000000000000000000000000000000000000000000000000000000000000000000000000000000000000000
0100000100000000000000000001001100000001000001000000000000000100000000000000000000000000000010000000000000000000000000000000010000000000000000000000000100000000000000010000000000000010000000001100000100000000000000000000000000000000000000000000000000000000
0000000000000000000000000000000000000000000000000000000000000000000000000000000000000000000000000000000000000000000010001000000000010000000000000000000000000000000000000000000000000000000000000000000000000000000000000000000000000000000000000000000000000000
0111001000100000000000000000000000000000000000000000000000000000000000000000000000000000000000000000000000000000000000010000000000000000000000000000000000000000000000000000000000000000000000000000000000000000000000000000000000000000000000000000000000000000
0110101000010010000000000000000000001011100011100111010001000100100000011000010000000000100100000100010001000011110010000000010001001100100000001000010000000100000000000000010000110100000000000000000000000000000000000011001000000001010010000000001000010110
0100000000000000000000000000000000000000000000000000000000000000000000000000000000000000000000000000000000000000000000000000000000000000000000000000000000000000000000000000000000000000000000000000000000000000000000000000000000000000000000000000000000000000
0000000000000000000000000000000000000000000000000000000000000000000000000000000000000000000000000000000000000000000000000000000000000000000000000000000000000000000000000000000000000000000000000000000000000000000000000000000000000000000000000000000000000000
0100000000000000000000000000000000000000000000000000000000000000000000000000000000000000000000000000000000000000000000000000000000000000000000000000000000000000000000000000000000000000000000000000000000000000000000000000000000000000000000000000000000000000
0000000000000000000000000000000000000000000000000000000000000000000000000000000000000000000000000000000000000000000000000000000000000000000000000000000000000000000000000000000000000000000000000000000000000000000000000000000000000000000000000000000000000000
0000000000000000000000000000000000000000000000000000000000000000000000000000000000000000000000000000000000000000000000000000000000000000000000000000000000000000000000000000000000000000000000000000000000000000000000000000000000000000000000000000000000000000
0000000000000000000000000000000000000000000000000000000000000000000000000000000000000000000000000000000000000000000000000000000000000000000000000000000000000000000000000000000000000000000000000000000000000000000000000000000000000000000000000000000000000000
0000000000000000000000000000000000000000000000000000000000000000000000000000000000000000000000000000000000000000000000000000000000000000000000000000000000000000000000000000000000000000000000000000000000000000000000000000000000000000000000000000000000000000
0000000000000000000000000000000000000000000000000000000000000000000000000000000000000000000000000000000000000000000000000000000000000000000000000000000000000000000000000000000000000000000000000000000000000000000000000000000000000000000000000000000000000000
0000000000000000000000000000000000000000000000000000000000000000000000000000000000000000000000000000000000000000000000000000000000000000000000000000000000000000000000000000000000000000000000000000000000000000000000000000000000000000000000000000000000000000
0000000000000000000000000000000000000000000000000000000000000000000000000000000000000000000000000000000000000000000000000000000000000000000000000000000000000000000000000000000000000000000000000000000000000000000000000000000000000000000000000000000000000000
0000000000000000000000000000000000000000000000000000000000000000000000000000000000000000000000000000000000000000000000000000000000000000000000000000000000000000000000000000000000000000000000000000000000000000000000000000000000000000000000000000000000000000
0000000000000000000000000000000000000000000000000000000000000000000000000000000000000000000000000000000000000000000000000000000000000000000000000000000000000000000000000000000000000000000000000000000000000000000000000000000000000000000000000000000000000000
0000000000000000000000000000000000000000000000000000000000000000000000000000000000000000000000000000000000000000000000000000000000000000000000000000000000000000000000000000000000000000000000000000000000000000000000000000000000000000000000000000000000000000
0000000000000000000000000000000000000000000000000000000000000000000000000000000000000000000000000000000000000000000000000000000000000000000000000000000000000000000000000000000000000000000000000000000000000000000000000000000000000000000000000000000000000000
0000000000000000000000000000000000000000000000000000000000000000000000000000000000000000000000000000000000000000000000000000000000000000000000000000000000000000000000000000000000000000000000000000000000000000000000000000000000000000000000000000000000000000
0000000000000000000000000000000000000000000000000000000000000000000000000000000000000000000000000000000000000000000000000000000000000000000000000000000000000000000000000000000000000000000000000000000000000000000000000000000000000000000000000000000000000000
0000000000000000000000000000000000000000000000000000000000000000000000000000000000000000000000000000000000000000000000000000000000000000000000000000000000000000000000000000000000000000000000000000000000000000000000000000000000000000000000000000000000000000
0000000000000000000000000000000000000000000000000000000000000000000000000000000000000000000000000000000000000000000000000000000000000000000000000000000000000000000000000000000000000000000000000000000000000000000000000000000000000000000000000000000000000000
0000000000000000000000000000000000000000000000000000000000000000000000000000000000000000000000000000000000000000000000000000000000000000000000000000000000000000000000000000000000000000000000000000000000000000000000000000000000000000000000000000000000000000
0000000000000000000000000000000000000000000000000000000000000000000000000000000000000000000000000000000000000000000000000000000000000000000000000000000000000000000000000000000000000000000000000000000000000000000000000000000000000000000000000000000000000000
0000000000000000000000000000000000000000000000000000000000000000000000000000000000000000000000000000000000000000000000000000000000000000000000000000000000000000000000000000000000000000000000000000000000000000000000000000000000000000000000000000000000000000
0000000000000000000000000000000000000000000000000000000000000000000000000000000000000000000000000000000000000000000000000000000000000000000000000000000000000000000000000000000000000000000000000000000000000000000000000000000000000000000000000000000000000000
0000000000000000000000000000000000000000000000000000000000000000000000000000000000000000000000000000000000000000000000000000000000000000000000000000000000000000000000000000000000000000000000000000000000000000000000000000000000000000000000000000000000000000
0000000000000000000000000000000000000000000000000000000000000000000000000000000000000000000000000000000000000000000000000000000000000000000000000000000000000000000000000000000000000000000000000000000000000000000000000000000000000000000000000000000000000000
0000000000000000000000000000000000000000000000000000000000000000000000000000000000000000000000000000000000000000000000000000000000000000000000000000000000000000000000000000000000000000000000000000000000000000000000000000000000000000000000000000000000000000
0000000000000000000000000000000000000000000000000000000000000000000000000000000000000000000000000000000000000000000000000000000000000000000000000000000000000000000000000000000000000000000000000000000000000000000000000000000000000000000000000000000000000000
0000000000000000000000000000000000000000000000000000000000000000000000000000000000000000000000000000000000000000000000000000000000000000000000000000000000000000000000000000000000000000000000000000000000000000000000000000000000000000000000000000000000000000
0000000000000000000000000000000000000000000000000000000000000000000000000000000000000000000000000000000000000000000000000000000000000000000000000000000000000000000000000000000000000000000000000000000000000000000000000000000000000000000000000000000000000000
0000000000000000000000000000000000000000000000000000000000000000000000000000000000000000000000000000000000000000000000000000000000000000000000000000000000000000000000000000000000000000000000000000000000000000000000000000000000000000000000000000000000000000
0000000000000000000000000000000000000000000000000000000000000000000000000000000000000000000000000000000000000000000000000000000000000000000000000000000000000000000000000000000000000000000000000000000000000000000000000000000000000000000000000000000000000000
0000000000000000000000000000000000000000000000000000000000000000000000000000000000000000000000000000000000000000000000000000000000000000000000000000000000000000000000000000000000000000000000000000000000000000000000000000000000000000000000000000000000000000
0000000000000000000000000000000000000000000000000000000000000000000000000000000000000000000000000000000000000000000000000000000000000000000000000000000000000000000000000000000000000000000000000000000000000000000000000000000000000000000000000000000000000000
0000000000000000000000000000000000000000000000000000000000000000000000000000000000000000000000000000000000000000000000000000000000000000000000000000000000000000000000000000000000000000000000000000000000000000000000000000000000000000000000000000000000000000
0000000000000000000000000000000000000000000000000000000000000000000000000000000000000000000000000000000000000000000000000000000000000000000000000000000000000000000000000000000000000000000000000000000000000000000000000000000000000000000000000000000000000000
0000000000000000000000000000000000000000000000000000000000000000000000000000000000000000000000000000000000000000000000000000000000000000000000000000000000000000000000000000000000000000000000000000000000000000000000000000000000000000000000000000000000000000
0000000000000000000000000000000000000000000000000000000000000000000000000000000000000000000000000000000000000000000000000000000000000000000000000000000000000000000000000000000000000000000000000000000000000000000000000000000000000000000000000000000000000000
0111111111000111011111111001111111010001110011011101110110110111111101100011110011000000000000001010000100000000000010000011100000001100000000001010000000000000000000000000000000000000000000000000000000000000000000000000000000000000000000000000000000000000
0011011111111110111111110011111111111111110000111111000000000000100000001111110000010011111111111100111111111111000011111100001111001111111111110000000011110001111101001111001100000000000000111100000011110000111100011100110010001111110011111100001111111111
0000000000000000000000000000000000000000000000000000001100000011000010000000101101000000000011100000001000000000010001110000000000000000000000000000000000000011000000000000001000000000000000000100000000000000000000000000000000000000000000000000000000000000
0100001101000010011100110111011100000000000000000000000000000000000000000000000000000000000000000000000000000000000000000000000000000000000000000000000000000000000000000000001100100000010000100110001000000000000010110010011101001111011111110111011100101010
0000101100000000010111011111101100000000001111010000011111110000000000000000000000000000000000000000000000000000000000000000000001001100000000110000001000101111001100110000000001000010000000000000000000100111000000101111011000001001000000100000000000000000
0000000000000000000000000000000000000000000000000000000000000000000000000000000000000000000000000000000000000000000000000000000000000000000000000000000000000000000000000000000000000000000000000000000000000000000000000000000000000000000000000000000000000000
0111001001011110011011110000001100010101000000100111100000000000000111110000001011111100000000000011000000000011000000000100111001010010011111100100001000011111000000001111111000000000000000000000001000000000000000000000000000000000000000000000000000000000
0000000000000000000000000000000000000000000000000000000000000000000000000000000000000000000000000000000000000000000000000000000000000000000000000000000000000000000000000000000000000000000000000000000000000000000000000000000000000000000000000000000001001110
0000000000000000000000000000000000000000000000000000000000000000000000000000000000000000000000000000000000000000000000000000000000000000000000000000000000111101011100100110100000000000000000000000000000000000000001100000010110110011010000100110000000000000
1000010000000000000000000000000000000000010110100000000000000000000000000000000000000000000000000000000000000000000000000000000000000000000000000000000000000000000000000000000000000000000000000000000000000000000000000000000000000000000000000000001000000011
0100000000000000011000000000001000000000000000000000000000000000000000000000000001110110000000100110000000111111011110100000111101111110110100000000000000000010010010110100100111101111110011101010011100110000001001110111101100001101000101110000100010100100
0000000000000000000000000000000000000001010000110000001101110000001111010100000000000000000000000000000000000000000000000000000000000000000000000000000000000000000000000000000000000000000000000000000000000000000000000000000000000000000000000000000000000000
0000000000000000000000000000000000000000000000000000000000000000000000000000000000000000000000000000000000000000000000000000000000000000000000000000000000000000000000000000000000000000000000000000000000000000000000000000000000000000000000000000000000000000
0000000000001100011101010000000011001111001010100100001111110000111100000000001100000000000000001001010100000000000000100001000011010100010000110000000000000010000010100000111010110101000000110000001100110111010000100001001111010011101011101111001001100011
0000000000000000000000000000000000000000000000000000000000000000000000000000000000000000000000000000000000000000000000000000000000000000000000000000000000001110111000100100001101001110111010100000000000000000000000000000000000000010101000001000000000000010
0000110000000100000000000000000000000000000000000000000000000000000000000000000000000000000000000000000001000000100000000000000000000000000000000000000010000000000000000000100000000000010000000000000000000000010000010000000000000000000000000010000100001110
0000000000000010000010100100001011001101000000000110001001000010000000110111111101000000100001100000001000000000000000000000001100000111001000110111101000001011011001100000001000000010010000100000001100100010111000110000000000000001000000000100001011010110
1111110011111110000000000111100001110110010000110000000000000010000000000000000000000000000000100000000000000000000000000000101001000010111011100000001000100000000000000000000000000000000000000000000000000000000000000000001000000010000000100000000000000000
0000000000000000000000000000000000000000000000000000000000000000000000000010000000000000000000000010000000000000011100110100000000000100000000000000000000000000000000000000000000000000000000000000000000000000000000000000000000000000000000000000000000000000
0011000100100000001011001001011000000000000000000000000000000000100000110000001101000011010000110110000000000010000000000000000001000000000011101101001101001110110000000000000000000000000000000000000000000000000000000000000011110110110101100110011001110010
1110001001000011000001110010001001001110010000110010011100000010100100000000001000000000000000000000000001000011010000110100001000000000000000000000100100000000000000100000000000000000000000000000000000000000000000110011100000100000000000110111111100000000
0000000000000000000000000000000000000000000000000000000000000000000000000000000000000000000000000000000000000000000000000000000000000000000000000000000000000000000000000000000000000000000000000000000000000000000000000000000000000000000000000000000000000010
0000001100100010000000110110001011010111010001110000111000000011010000100000011101100010010001110000000000000010000000000000000000000000001100010000001100000011000000000000001100100111010111110000010100101011000000000011011001100000011000100111000010010001
0000001000000010000000000000000001000110000000000000000000000000000000000000000000000000000000000000000000000000000000000000111000000110110000110010001111110011011101110011001101000011011111000000000000000000000000000000000000000100010000000000000000000000
1101000000000010101100100000001101010010011101100010100100000010001100110100011110010011000000100111010001000011010000110100111101100011001100100000001100111111000000110111101001100111010000111011000100000000000011110101001101001111011111110100111011111110
1100000000000000000000101101010101111111111001010000001101100010000000110100001100100010000000110110101100110010000101110100111000000000010000110010100010000111011011111111011001110010000000000011000000000000001111101111010000000000110111110001001100000000
0000000000000000000000000100011000000000000000000100000000000000000000000000000000000000000000000000000001000011011000110010111100010110010000100100001100100011000000000000001000000000011001100000111010000111110001000000100000111111000000000000001100101110
0100001111010010010000110000001100100001110000000000001100000011010011100111111101000011010100110000000000000000000010000000000000001001000000000011110110010010000000000000000000000000000000000000000000000000000000000000000000000000000000000000000000000000
0000000000000000000000000000000100000000000000000000000000000000001101110000001101100110100101000010111011010100000000000000000000000000000001000000000000000000000000001101011001100010000000110011111111111111111111011111111001110000000010111001001001110111
0001000000000000000000000000000000000000000000000000000000001011000000000000000011110011000011100110011100000011000000000100001111100110110101110000000000000011011111100000000001000000000111110010001100001111000000101011111000101111000010111010001110000110
0110000000000011010000111001111101100011010001100000001110011010010000000000111101000011000000110000000000000010011111111111111001000000011010110000000100000000000000000000000000000000001111010110001111010111011011010100001101001110000000000111101101000011
1110011001001110000000000000000000000000000000110100111100001111111100110000001011110000000000111010000000000010101100000000001101000011010101110111110000000000010000100000001101011110000011100100011101110011000000000011100100000000011100110111001001000010
0010000000000000000001010000000000101111111111111111111111111110000000000000000000000000000000000100000000000000000000000010000001111100000000000000000000000000001000000100000001000000010100100000001000000000000000100000010000000000000001000101001000000000
0000010000000000010001110110010000000110001001000010000000000100001110000110000000000010000000000000010000000100000000000000000000100000010000000010000000001010000110010011101011000110011100100000001000000000010000000010001001000100000001100000000000100100
0000000000000000000000000000000000000000000000000000000000000000000000000000000000000000000000000000000000000000000000000000000000000000000000000000000000000000000000000000000000000000000000000000000000000000000000000000000000000000000000000000000000000000
0000100000000100010000000000000000000000000000000000000000000000000000000000000000000000000000000000000000000000000000000000000000000000000000000000000000000000000000000000000000000000000000000000000000000000000000000000000000000000000000000000000000001110
0000000000000000000001100000010001000000000001000001000000000100000001100000000000100000001000000000000001000000011000000010000000000000000000000000000000000000000000000000000000000110000000000000000000000000000000000000000000000000000000000000000000000000
0000000000000000000000000000000000000000000000000000000000000000000000000000000000000000000000000000000000000000000000000000000000000000000000000000000000001110000000000000000000000000000000000100011000000000000000000000000000000000000000000000000000000000
0100000000000000000000000011001000000000100000000000000000000000000000000000000000000000000110100000000000000000000000000000000000000000000000000000000000000000000000000000000000000000000000000000000000000000000000000000000000000000000000000000000000000000
0000000000000000000000000000000000000000000000000000000000000000000000000000000000000000000000000000000000000000000000000000000000000000000000000000000000000000000000000000000000000000000000000100000000110000000111000000000000000000000001000000001000000000
0111000101111000110011000000100101111111110000001001101111000101101011010010000111111110011000111010100110000001000001101100001100100010100000101111100010000101000011110000001010100101100100100011010000111100000111101100001100101011000101100000000000000100
0110000100000101101010100100100111110011100001111000010111111001100100110110010000100000001010000000000000000000000000000000000000000000000000000000000000000000000000000000000000000000000000000011011010000001000111101110000110011011111010100111011111111100
0100000000000000000000000000000000000000000000000000000000000000000000000000000000000000000000000000000000000000000000000000000000000000000000000000000000000000000000000000000000000000000000000000000000000000000000000000000000000000000000000000011000000000
0100000000000000000000000000000000000000000000000000000000000000000000000000000000000000000000000000000000000000000000000000000000000000000000000000000000000000000000000000110000000000000000000000011000000000000000000000000000000000000000000000000000000000
0000000000000000000000000000000000000000000000000000000000000000000000000000000000000000000000000000000000000000000000000000000000000000000000000000000000000000000000000000000000000000000000000000000000000000000000000000000000000000000000000000000000000000
0000000000000000000000000000000000000000000000000000000000000000000000000000000000000000000000000000000000000000000000000000000000000000000000000000000000000000000000000000000000000000000000000000000000000000000000000000000000000000000000000000000000000000
0000000000000000000000000000000000000000000000000000000000000000000000000000000000000000000000000000000000000000000000000000000000000000000000000000000000000000000000000000000000000000000000000000000000000000000000000000000000000000000000000000000000000000
0000000000000000000000000000000000000000000000000000000000000000000000000000000000000000000000000000000000000000000000000000000000000000000000000000000000000000000000000000000000000000000000000000000000000000000000000000000000000000000000000000000000000000
0000011000100010011001000100000000000000000000000101001001000010001000000000000000000000000000000000000000000000000000000000000000000000000000000000000000000000000000000000000000000000000000000000000000000000000000000000000000000000000000000000000000000000
0100000000000000000100000100000000000000000000000000000001001000000000000000000000000100000001100100001000000000000000000000000000000000000000000000000000000000000000000000000000000000000000000010010000000000001100000000000000000000011001000000011000100100
0000000000000000000000000000000000000000000011100110001000000100000000000100000001000000000000000010011000000000000000000000010001000110010000100100010000000000000001000000000000000000000000000000000000000000000000000000000000000000000000000000000000000000
0000000000000010000001000000000001100000000000000000000000000000010000000010000000000000000000000000000000000000000000000000000000000000000000000000000000000000000000000000000000000000000000000000000000000000000000000000000000000000000000000000000000000000
0000000000000000000000000000000000000000000000000000000000000000000000011111001101111100110110110100000000000000000000000000000000000000000000000000000000000000000000000000000000000000000000000000000000000000000000000000000000000000000000000110000000000010
0100000000000000000001000000000000000000000000000001110000000000000000000011000000001100000000000000000000000000000000000000000000000000000000000000000000000000000000000000000000000000000000000000000000000000000000000000000000000000000001000110000000000010
0000000000000000000000000000000000000000000000000000000000000000000000000000000000000000000000000000000000000000000000000000000000000000000000000000000000000000000000000000000000000000000000000000000000000000000000000000000000110111100100011111110000000010
0000000000000000000000000000000000000000000000000000000000000000000000000000000000000000000000000000000000000000000000000000000000000000000000000000000000000000000000000000000000000000000000000000000000000000000000000000000000000001100000000000000000000000
0000000000000000000000000000000000000000000000000000000000000000000000000000000000000000000000000000000000000000000000000000000000000000000000000000000000000000000000000000000000000000000000000010001000000000001001100010011001100010000001000010001001101110
0111110000010110011000000000011000000010010000100110000000000000000000000000001000000000000000100000001000100010011000100010001000000000000000100000000001100010011000000000000000000000000000000000000000000000000000000000000000000000000000000000000000000000
0100000000100010011000100100001000000000000000100100001000000000000000000000000000000000000000000010001001000110000000000000001000000001000000000000000000000000000000000000000000000000000000000000000000000000000000000000000000000000000000000000000000000010
0000001000000010010001000000000000000000000000100000001001100010000000000000001000000000000000100000000000000000000000000000000000000000000000000000000000000000000000000000000000000110001000000110000000000000000000000000000000100000000000100000001000000010
0101100000010000000000101000001000000000000000000000000000000000000000000000000000000000000000000000000000000000000000000000000000000000000000000000000000000000000000000000000000000000000000000000000000000000000000000000000000000000000000000000000000000000
0000000000000000000000000000000000000000000000000000000000000000000000000000000000000000000000000000000000000000000000000000000000000000000000000000000000000000000000000000000000000000000000000000000000000000000000000000000000000000000000000000000000000000
0000000000000000000000000000000000000000000000000000000000000000000000000000000000000000000000000000000000000000000000000000000000000000000000000000000000000000000000000000000000000000000000000000000000000000000000000000000000000000000000000000000000000000
0000000000000000000000000000000000000000000000000000000000000000000000000000000000000000000000000000000000000000000000000000000000000000000000000000000000000000000000000000000000000000000000000000000000000000000000000000000000000000000000000000000000000000
0000000000000000000000000000000001000000010000000010000000000000000000000000000000000000000000000000000000000000000000000000000000100000101101000000000010001000100000010000000000000010010000000000000000000000000000000000000000000000000000000000000000000000
0000000001010100000000000100000000000000000000000100000000100000000000000000000000000000000000000000000000000000000000000000000000000000000000000000000000000000000000000000000000000000000000000000000000000000000000000000000000000000000000000000000000000000
0000000000000000000000000000000000000000000000000000000000001000011100000000100000010000010000000000000000000000000000000000000000000000001000000001000000000100010100000010000000100000001100000001100000000000011100000000000000000000000000000000000001000100
0000000000000000000000000000000000010000000000000001000000000000000000000100000001000000000000000000000000000000000000000000000000000000000000000000000000000000000000000000000000000000000000000000000000000000000000000000000000000000000000000000000000001000
0000000000000000000000000000000000000000000000000010000000000000000000000000000000000000000000000000000000000000000000000000000000000000000000000000000000000000000000000000000000000000000000000000000000000000000000000000000000000000000000000000000000000000
0000000000000000001100000000000001000000000000000000000000000000000000000000000000000000000000000000000000000000000000000000000000000000000000000000000000000000000000000000000000000000000000000000000000000000000000000000000000000000000000000000000000000000
0000000000000000000000000000000000000000000000000000000000000000000000000000000000000000000000000000000000000000000000000000000000000000000000000000000000000000000000000000000000000000000000000000000000000000000000000000000000000000000000000000000000000000
0000000000000000000000000000000000000000000000000000000000000000000000000000000000000000000000000000000000000000000000000000000000000000000000000000000000000000000000000000000000000000000000000000000000000000001101000001000001000000010000000000000000110000
0000000000000000000000000000000000000000000000000000000000000000000000000000000000000000000000000000000000000000000000000000000000000000000000000000000000000000000000000000000000000000000000000000000000000000000000000000000000000000000000000000000000000000
0000000000000000000000000000000000000000000000000000000000000000000000000000000000000000000001000101010000010000000000000000000000100000000000000000000001000000011000000100000001000000001000000000000000000000000000000000000000000000000000000000000000000000
0000010000001000000000000000000000000000000010000000110000000000000000000000000000000000000000000000000000000000000000000000000000000000000000000000000000000000000000000000000000000000000000000000000000000000000000000000000000000000000000000000000000000000
0000000000000000000000000000000000000000000000000000000000000100000100000000000000000000000000000000000000000000000000000000000000000000000000000000000000000000000000000000000000000000000000000000000000100000001000000000000000000000000000000000000000000000
0000000000000000000000000000000001000000000000000100000000100000000000000000000001100000010000000000000000000000000000000000000000000000000000000000000000000000000000000000000000000000000000000000000000000000000000000000000000000000000000000000000000000000
0000000000000000000000000000000000000000000011000000000000000000000000000000000000000000000000000100100000000000000000000000000000000000000000000000000000000000000000000000000000000000000000000000000000000000000000000000000000000000000000000000000000000000
0000000000000000000000000000000000000000000000000000000000000000000000000000000000000000000000000000000000000000000000000000000000000000000000000000000000000000000000000000000000000000000000000000000000000000000000000000000000000000000000000000000000000000
0000000000001000000000000000000000000000000000000000000000000000000000000000000000000000000000000000000000000000000000000000000000000000000000000000000000000000000000000000000000000000000000000000000000000000000000000000000000000000000000000000000000000000
0000000000000000000000000000000000000000000000000000000000000000000000000000000000000000000000000000000000000000000000000000000000000000000000000000000000000000000000000000000000000000000000000000000000000000000000000000000000000000000000000000000001000000
0000000000000000000000000000000000000000000000000000000000000000000000000000000000000000000000000000000000000000000000000000000000000000000000000000000000000000000000000000000000000000000000000000000001000000000000000000000000110000000010000001000000000000
0000000000000000000000000000000000000000000000000000000000000000000000000000000000000000000000000000000000000000000000000000000000000000000000000000000000000000000000000000000000000000000000000000000000000000000000000000000000000000000000000000000000000000
0000000000000000000000000000000000000000000000000000000000000000000000000000000000000000000000000000000000000000000000000011000001000100000000000000000000000000000100000011100000000000000100000000000101000000000000000100000000000000000000000000000000000000
0000000000000000000000000000000000000000000000000000000000000000000000000001000000100000000000000000000000000000000000000000000000000000000000000000000001100000000001000100000000000000000000000000000000000000000000000000000000000000000000000000000000000000
0000000000000000000000000000000000000000000000000000000000100100000000000011000000000000000000000000000000000000000000000000000000000100000000000010000000000000000010000000000000000000000001000000000000000000000000000000000000000000000000000000000000000000
0000000000000000000000000000000000000000000000000000000000000000000000000000000000000000000000000000000000000000000000000000000000000000110000010000000000010111010000010000010011100000010100100010101000001001100000000000001000000000000000000000000111001000
0000000000000000000000000000000000000000000000000000000000000000000000000000000000000000000000000000100000110000000000000010000000000000000000000010000000100000000000000000000000000000000000000000000000000000000000000000000000000000000000000100000000000000
0100000000000000000000000000000000000000000000000000000000000000000000000000000001000000000010000000000000000000000000000000000000000000000000000000000000000000010000000000000000000000000000000000000000000000000000000000000000000000000000000000000000000000
0000000000000000000000000000000000000000000000000000000000000000001000000000000001000000010010000001000000000000000000000000000000000000000000000000000000010000000000000010010000000000000000000000000000000000000000000000000000000000000000000000000000000000
0000000000010000000010000000000000110000001000000100000000100000000000000001000000011000000000000000000000000000000000000000000001000000000011000000000000000000000000000000000000000000000000000000000000000000000000000000000000000000000000000000000000000000
0000000000000000000000000000000000000000000000000000000000000000000000000000000000000000000000000000000000000000000000000000000000000000000000000000000000000000000000000000000000000000000000000000000000000000000000000000000000000000001001000010000000000000
0000100001100000000000000011010000100100000000000000000000000000000100000000000000000000000101000100000001000000000000000001000000000000000000000000000000000000000000000000000000000000000000000000000000000000000000000000000000000000000000000000000000000000
0000000000000000000000000000000000000000000000000000000000000000000000000000000000000000000000000000000000000000000000000000000000000000000000000000000000000000000000000000000000000000000000000000000000000000000000000000000000000000000000000000000000000000
0000000000000000000000000000000000000000000000000000000000000000000000000000000000000000000000000000000000000000000000000000000000000000000000000000000000000000000000000000000000000000000000000000000000000000000000000000000000000000000000000000000000000000
0100010000001100000000000000000000000000000000000000000000000010000000000000000001000000000101000011000000000000000000000000000000000000010000000000000000000000010000000000000000110000000000000100000000000000001000000000000000000000000000000000000000000000
